	organism	assay type	assay	multiome series	tissue abbreviation 	tissue name	donor	disease/health status	production lab	primary analysist	secondary analysist	peer reviewer	status (ETA for peer-review)	Marker list URL	Reference atlas	Github link	
ENCSR322HGX	mouse 	10x multiome	scATAC	ENCSR008NTI	GAST	 B6CastF1 PND14 3x female # 1-3 gastroc muscle		healthy	Snyder	Liz Rebboah		Wenpin	Done		https://www.synapse.org/#!Synapse:syn21676145/wiki/601529	https://github.com/erebboah/enc4_mouse	
	mouse 	10x multiome	snRNA		GAST	 B6CastF1 PND14 3x female # 1-3 gastroc muscle		healthy	Snyder	Liz Rebboah		Wenpin	Done	https://drive.google.com/file/d/1IyeaGZxpqO-QayzCSVGPRSvnk09XDawN/view?usp=sharing, https://drive.google.com/file/d/1xEJJnxac-rlylNHkTj9fkxJXGhqBeeW2/view?usp=sharing	https://www.synapse.org/#!Synapse:syn21676145/wiki/601529	https://github.com/erebboah/enc4_mouse	
	mouse 	10x multiome	scATAC		HEART	 B6CastF1 PND14 3x female # 1-3 heart		healthy	Snyder	Liz Rebboah	Meng Wang	Wenpin	Done		https://www.heartcellatlas.org/#DataSources, https://www.ebi.ac.uk/arrayexpress/experiments/E-MTAB-6173/, https://www.ebi.ac.uk/arrayexpress/experiments/E-MTAB-8810/	https://github.com/erebboah/enc4_mouse	
	mouse 	10x multiome	snRNA		HEART	 B6CastF1 PND14 3x female # 1-3 heart		healthy	Snyder	Liz Rebboah	Meng Wang	Wenpin	Done	https://drive.google.com/file/d/1R0Rr0Y8RDoC4OTjXJpdgdX7PPid-WUhj/view?usp=sharing	https://www.heartcellatlas.org/#DataSources, https://www.ebi.ac.uk/arrayexpress/experiments/E-MTAB-6173/, https://www.ebi.ac.uk/arrayexpress/experiments/E-MTAB-8810/	https://github.com/erebboah/enc4_mouse	
	mouse 	10x multiome	scATAC		HPCP	 B6CastF1 PND14 3x female # 1-3 Hippocampus		healthy	Snyder	Liz Rebboah	Fairlie Reese & Narges Rezaie	Zhicheng	Done		https://portal.brain-map.org/atlases-and-data/rnaseq/mouse-whole-cortex-and-hippocampus-10x	https://github.com/erebboah/enc4_mouse	
	mouse 	10x multiome	snRNA		HPCP	 B6CastF1 PND14 3x female # 1-3 Hippocampus		healthy	Snyder	Liz Rebboah	Fairlie Reese & Narges Rezaie	Zhicheng	Done	https://drive.google.com/file/d/1uMlF9pUVokP89GpsIlejs51aK5RWaASX/view?usp=sharing	https://portal.brain-map.org/atlases-and-data/rnaseq/mouse-whole-cortex-and-hippocampus-10x	https://github.com/erebboah/enc4_mouse	
	mouse 	10x multiome	scATAC		CRTX	 B6CastF1 PND14 3x female # 1-3 L. Cortex		healthy	Snyder	Liz Rebboah	Fairlie Reese & Narges Rezaie	Zhicheng	Done		https://portal.brain-map.org/atlases-and-data/rnaseq/mouse-whole-cortex-and-hippocampus-10x	https://github.com/erebboah/enc4_mouse	
	mouse 	10x multiome	snRNA		CRTX	 B6CastF1 PND14 3x female # 1-3 L. Cortex		healthy	Snyder	Liz Rebboah	Fairlie Reese & Narges Rezaie	Zhicheng	Done	https://drive.google.com/file/d/1m1lT8NvCSPHdlicFTtI1Dsv5rboxh7g7/view?usp=sharing	https://portal.brain-map.org/atlases-and-data/rnaseq/mouse-whole-cortex-and-hippocampus-10x	https://github.com/erebboah/enc4_mouse	
ENCSR834NRP	mouse 	10x multiome	scATAC	ENCSR226SCP	ADGL	 B6CastF1 PND14 3x female # 1-6 adrenal gland		healthy	Snyder	Liz Rebboah	Narges Rezaie	Wenpin	Done			https://github.com/erebboah/enc4_mouse	
ENCSR402PHR	mouse 	10x multiome	snRNA	ENCSR226SCP	ADGL	 B6CastF1 PND14 3x female # 1-6 adrenal gland		healthy	Snyder	Liz Rebboah	Narges Rezaie	Wenpin	Done	https://drive.google.com/file/d/19UasUWm7QlZdXsPW-7XGnk6htOGhRMoH/view?usp=sharing		https://github.com/erebboah/enc4_mouse	
ENCSR634YIW	mouse 	10x multiome	scATAC	ENCSR102SCY	GAST	 B6CastF1 PND14 3x female # 4-6 gastroc muscle		healthy	Snyder	Liz Rebboah		Wenpin	Done		https://www.synapse.org/#!Synapse:syn21676145/wiki/601529	https://github.com/erebboah/enc4_mouse	
	mouse 	10x multiome	snRNA		GAST	 B6CastF1 PND14 3x female # 4-6 gastroc muscle		healthy	Snyder	Liz Rebboah		Wenpin	Done	https://drive.google.com/file/d/1IyeaGZxpqO-QayzCSVGPRSvnk09XDawN/view?usp=sharing, https://drive.google.com/file/d/1xEJJnxac-rlylNHkTj9fkxJXGhqBeeW2/view?usp=sharing	https://www.synapse.org/#!Synapse:syn21676145/wiki/601529	https://github.com/erebboah/enc4_mouse	
	mouse 	10x multiome	scATAC		HEART	 B6CastF1 PND14 3x female # 4-6 heart		healthy	Snyder	Liz Rebboah	Meng Wang	Wenpin	Done		https://www.heartcellatlas.org/#DataSources, https://www.ebi.ac.uk/arrayexpress/experiments/E-MTAB-6173/, https://www.ebi.ac.uk/arrayexpress/experiments/E-MTAB-8810/	https://github.com/erebboah/enc4_mouse	
	mouse 	10x multiome	snRNA		HEART	 B6CastF1 PND14 3x female # 4-6 heart		healthy	Snyder	Liz Rebboah	Meng Wang	Wenpin	Done	https://drive.google.com/file/d/1R0Rr0Y8RDoC4OTjXJpdgdX7PPid-WUhj/view?usp=sharing	https://www.heartcellatlas.org/#DataSources, https://www.ebi.ac.uk/arrayexpress/experiments/E-MTAB-6173/, https://www.ebi.ac.uk/arrayexpress/experiments/E-MTAB-8810/	https://github.com/erebboah/enc4_mouse	
	mouse 	10x multiome	scATAC		HPCP	 B6CastF1 PND14 3x female # 4-6 Hippocampus		healthy	Snyder	Liz Rebboah	Fairlie Reese & Narges Rezaie	Zhicheng	Done		https://portal.brain-map.org/atlases-and-data/rnaseq/mouse-whole-cortex-and-hippocampus-10x	https://github.com/erebboah/enc4_mouse	
	mouse 	10x multiome	snRNA		HPCP	 B6CastF1 PND14 3x female # 4-6 Hippocampus		healthy	Snyder	Liz Rebboah	Fairlie Reese & Narges Rezaie	Zhicheng	Done	https://drive.google.com/file/d/1uMlF9pUVokP89GpsIlejs51aK5RWaASX/view?usp=sharing	https://portal.brain-map.org/atlases-and-data/rnaseq/mouse-whole-cortex-and-hippocampus-10x	https://github.com/erebboah/enc4_mouse	
	mouse 	10x multiome	scATAC		CRTX	 B6CastF1 PND14 3x female # 4-6 L. Cortex		healthy	Snyder	Liz Rebboah	Fairlie Reese & Narges Rezaie	Zhicheng	Done		https://portal.brain-map.org/atlases-and-data/rnaseq/mouse-whole-cortex-and-hippocampus-10x	https://github.com/erebboah/enc4_mouse	
	mouse 	10x multiome	snRNA		CRTX	 B6CastF1 PND14 3x female # 4-6 L. Cortex		healthy	Snyder	Liz Rebboah	Fairlie Reese & Narges Rezaie	Zhicheng	Done	https://drive.google.com/file/d/1m1lT8NvCSPHdlicFTtI1Dsv5rboxh7g7/view?usp=sharing	https://portal.brain-map.org/atlases-and-data/rnaseq/mouse-whole-cortex-and-hippocampus-10x	https://github.com/erebboah/enc4_mouse	
ENCSR858YSB	mouse 	10x multiome	scATAC	ENCSR865JAB	ADGL	 B6CastF1 PND14 3x female # 7-12 adrenal gland		healthy	Snyder	Liz Rebboah	Narges Rezaie	Wenpin	Done			https://github.com/erebboah/enc4_mouse	
ENCSR157YJO	mouse 	10x multiome	snRNA	ENCSR865JAB	ADGL	 B6CastF1 PND14 3x female # 7-12 adrenal gland		healthy	Snyder	Liz Rebboah	Narges Rezaie	Wenpin	Done	https://drive.google.com/file/d/19UasUWm7QlZdXsPW-7XGnk6htOGhRMoH/view?usp=sharing		https://github.com/erebboah/enc4_mouse	
ENCSR531ZFB	mouse 	10x multiome	scATAC	ENCSR141OBV	GAST	 B6CastF1 PND14 3x male # 1-3 gastroc muscle		healthy	Snyder	Liz Rebboah		Wenpin	Done		https://www.synapse.org/#!Synapse:syn21676145/wiki/601529	https://github.com/erebboah/enc4_mouse	
	mouse 	10x multiome	snRNA		GAST	 B6CastF1 PND14 3x male # 1-3 gastroc muscle		healthy	Snyder	Liz Rebboah		Wenpin	Done	https://drive.google.com/file/d/1IyeaGZxpqO-QayzCSVGPRSvnk09XDawN/view?usp=sharing, https://drive.google.com/file/d/1xEJJnxac-rlylNHkTj9fkxJXGhqBeeW2/view?usp=sharing	https://www.synapse.org/#!Synapse:syn21676145/wiki/601529	https://github.com/erebboah/enc4_mouse	
	mouse 	10x multiome	scATAC		HEART	 B6CastF1 PND14 3x male # 1-3 heart		healthy	Snyder	Liz Rebboah	Meng Wang	Wenpin	Done		https://www.heartcellatlas.org/#DataSources, https://www.ebi.ac.uk/arrayexpress/experiments/E-MTAB-6173/, https://www.ebi.ac.uk/arrayexpress/experiments/E-MTAB-8810/	https://github.com/erebboah/enc4_mouse	
	mouse 	10x multiome	snRNA		HEART	 B6CastF1 PND14 3x male # 1-3 heart		healthy	Snyder	Liz Rebboah	Meng Wang	Wenpin	Done	https://drive.google.com/file/d/1R0Rr0Y8RDoC4OTjXJpdgdX7PPid-WUhj/view?usp=sharing	https://www.heartcellatlas.org/#DataSources, https://www.ebi.ac.uk/arrayexpress/experiments/E-MTAB-6173/, https://www.ebi.ac.uk/arrayexpress/experiments/E-MTAB-8810/	https://github.com/erebboah/enc4_mouse	
	mouse 	10x multiome	scATAC		HPCP	 B6CastF1 PND14 3x male # 1-3 Hippocampus		healthy	Snyder	Liz Rebboah	Fairlie Reese & Narges Rezaie	Zhicheng	Done		https://portal.brain-map.org/atlases-and-data/rnaseq/mouse-whole-cortex-and-hippocampus-10x	https://github.com/erebboah/enc4_mouse	
	mouse 	10x multiome	snRNA		HPCP	 B6CastF1 PND14 3x male # 1-3 Hippocampus		healthy	Snyder	Liz Rebboah	Fairlie Reese & Narges Rezaie	Zhicheng	Done	https://drive.google.com/file/d/1uMlF9pUVokP89GpsIlejs51aK5RWaASX/view?usp=sharing	https://portal.brain-map.org/atlases-and-data/rnaseq/mouse-whole-cortex-and-hippocampus-10x	https://github.com/erebboah/enc4_mouse	
	mouse 	10x multiome	scATAC		CRTX	 B6CastF1 PND14 3x male # 1-3 L. Cortex		healthy	Snyder	Liz Rebboah	Fairlie Reese & Narges Rezaie	Zhicheng	Done		https://portal.brain-map.org/atlases-and-data/rnaseq/mouse-whole-cortex-and-hippocampus-10x	https://github.com/erebboah/enc4_mouse	
	mouse 	10x multiome	snRNA		CRTX	 B6CastF1 PND14 3x male # 1-3 L. Cortex		healthy	Snyder	Liz Rebboah	Fairlie Reese & Narges Rezaie	Zhicheng	Done	https://drive.google.com/file/d/1m1lT8NvCSPHdlicFTtI1Dsv5rboxh7g7/view?usp=sharing	https://portal.brain-map.org/atlases-and-data/rnaseq/mouse-whole-cortex-and-hippocampus-10x	https://github.com/erebboah/enc4_mouse	
ENCSR736ABS	mouse 	10x multiome	scATAC	ENCSR616MKL	ADGL	 B6CastF1 PND14 3x male # 1-6 adrenal gland		healthy	Snyder	Liz Rebboah	Narges Rezaie	Wenpin	Done			https://github.com/erebboah/enc4_mouse	
ENCSR021YYL	mouse 	10x multiome	snRNA	ENCSR616MKL	ADGL	 B6CastF1 PND14 3x male # 1-6 adrenal gland		healthy	Snyder	Liz Rebboah	Narges Rezaie	Wenpin	Done	https://drive.google.com/file/d/19UasUWm7QlZdXsPW-7XGnk6htOGhRMoH/view?usp=sharing		https://github.com/erebboah/enc4_mouse	
ENCSR546WNG	mouse 	10x multiome	scATAC	ENCSR068CZC	GAST	 B6CastF1 PND14 3x male # 4-6 gastroc muscle		healthy	Snyder	Liz Rebboah		Wenpin	Done		https://www.synapse.org/#!Synapse:syn21676145/wiki/601529	https://github.com/erebboah/enc4_mouse	
	mouse 	10x multiome	snRNA		GAST	 B6CastF1 PND14 3x male # 4-6 gastroc muscle		healthy	Snyder	Liz Rebboah		Wenpin	Done	https://drive.google.com/file/d/1IyeaGZxpqO-QayzCSVGPRSvnk09XDawN/view?usp=sharing, https://drive.google.com/file/d/1xEJJnxac-rlylNHkTj9fkxJXGhqBeeW2/view?usp=sharing	https://www.synapse.org/#!Synapse:syn21676145/wiki/601529	https://github.com/erebboah/enc4_mouse	
	mouse 	10x multiome	scATAC		HEART	 B6CastF1 PND14 3x male # 4-6 heart		healthy	Snyder	Liz Rebboah	Meng Wang	Wenpin	Done		https://www.heartcellatlas.org/#DataSources, https://www.ebi.ac.uk/arrayexpress/experiments/E-MTAB-6173/, https://www.ebi.ac.uk/arrayexpress/experiments/E-MTAB-8810/	https://github.com/erebboah/enc4_mouse	
	mouse 	10x multiome	snRNA		HEART	 B6CastF1 PND14 3x male # 4-6 heart		healthy	Snyder	Liz Rebboah	Meng Wang	Wenpin	Done	https://drive.google.com/file/d/1R0Rr0Y8RDoC4OTjXJpdgdX7PPid-WUhj/view?usp=sharing	https://www.heartcellatlas.org/#DataSources, https://www.ebi.ac.uk/arrayexpress/experiments/E-MTAB-6173/, https://www.ebi.ac.uk/arrayexpress/experiments/E-MTAB-8810/	https://github.com/erebboah/enc4_mouse	
	mouse 	10x multiome	scATAC		HPCP	 B6CastF1 PND14 3x male # 4-6 Hippocampus		healthy	Snyder	Liz Rebboah	Fairlie Reese & Narges Rezaie	Zhicheng	Done		https://portal.brain-map.org/atlases-and-data/rnaseq/mouse-whole-cortex-and-hippocampus-10x	https://github.com/erebboah/enc4_mouse	
	mouse 	10x multiome	snRNA		HPCP	 B6CastF1 PND14 3x male # 4-6 Hippocampus		healthy	Snyder	Liz Rebboah	Fairlie Reese & Narges Rezaie	Zhicheng	Done	https://drive.google.com/file/d/1uMlF9pUVokP89GpsIlejs51aK5RWaASX/view?usp=sharing	https://portal.brain-map.org/atlases-and-data/rnaseq/mouse-whole-cortex-and-hippocampus-10x	https://github.com/erebboah/enc4_mouse	
	mouse 	10x multiome	scATAC		CRTX	 B6CastF1 PND14 3x male # 4-6 L. Cortex		healthy	Snyder	Liz Rebboah	Fairlie Reese & Narges Rezaie	Zhicheng	Done		https://portal.brain-map.org/atlases-and-data/rnaseq/mouse-whole-cortex-and-hippocampus-10x	https://github.com/erebboah/enc4_mouse	
	mouse 	10x multiome	snRNA		CRTX	 B6CastF1 PND14 3x male # 4-6 L. Cortex		healthy	Snyder	Liz Rebboah	Fairlie Reese & Narges Rezaie	Zhicheng	Done	https://drive.google.com/file/d/1m1lT8NvCSPHdlicFTtI1Dsv5rboxh7g7/view?usp=sharing	https://portal.brain-map.org/atlases-and-data/rnaseq/mouse-whole-cortex-and-hippocampus-10x	https://github.com/erebboah/enc4_mouse	
ENCSR713FPX	mouse 	10x multiome	scATAC	ENCSR156FOG	ADGL	 B6CastF1 PND14 3x male # 7-12 adrenal gland		healthy	Snyder	Liz Rebboah	Narges Rezaie	Wenpin	Done			https://github.com/erebboah/enc4_mouse	
ENCSR988AMY	mouse 	10x multiome	snRNA	ENCSR156FOG	ADGL	 B6CastF1 PND14 3x male # 7-12 adrenal gland		healthy	Snyder	Liz Rebboah	Narges Rezaie	Wenpin	Done	https://drive.google.com/file/d/19UasUWm7QlZdXsPW-7XGnk6htOGhRMoH/view?usp=sharing		https://github.com/erebboah/enc4_mouse	
ENCSR451PWE	mouse 	10x multiome	scATAC	ENCSR018XAY	GAST	 B6CastF1--2 months female #1 Gastroc.		healthy	Snyder	Liz Rebboah		Wenpin	Done		https://www.synapse.org/#!Synapse:syn21676145/wiki/601529	https://github.com/erebboah/enc4_mouse	
	mouse 	10x multiome	snRNA		GAST	 B6CastF1--2 months female #1 Gastroc.		healthy	Snyder	Liz Rebboah		Wenpin	Done	https://drive.google.com/file/d/1IyeaGZxpqO-QayzCSVGPRSvnk09XDawN/view?usp=sharing, https://drive.google.com/file/d/1xEJJnxac-rlylNHkTj9fkxJXGhqBeeW2/view?usp=sharing	https://www.synapse.org/#!Synapse:syn21676145/wiki/601529	https://github.com/erebboah/enc4_mouse	
	mouse 	10x multiome	scATAC		HEART	 B6CastF1--2 months female #1 Heart		healthy	Snyder	Liz Rebboah	Meng Wang	Wenpin	Done		https://www.heartcellatlas.org/#DataSources, https://www.ebi.ac.uk/arrayexpress/experiments/E-MTAB-6173/, https://www.ebi.ac.uk/arrayexpress/experiments/E-MTAB-8810/	https://github.com/erebboah/enc4_mouse	
	mouse 	10x multiome	snRNA		HEART	 B6CastF1--2 months female #1 Heart		healthy	Snyder	Liz Rebboah	Meng Wang	Wenpin	Done	https://drive.google.com/file/d/1R0Rr0Y8RDoC4OTjXJpdgdX7PPid-WUhj/view?usp=sharing	https://www.heartcellatlas.org/#DataSources, https://www.ebi.ac.uk/arrayexpress/experiments/E-MTAB-6173/, https://www.ebi.ac.uk/arrayexpress/experiments/E-MTAB-8810/	https://github.com/erebboah/enc4_mouse	
	mouse 	10x multiome	scATAC		CRTX	 B6CastF1--2 months female #1 L. Cortex		healthy	Snyder	Liz Rebboah	Fairlie Reese & Narges Rezaie	Zhicheng	Done		https://portal.brain-map.org/atlases-and-data/rnaseq/mouse-whole-cortex-and-hippocampus-10x	https://github.com/erebboah/enc4_mouse	
	mouse 	10x multiome	snRNA		CRTX	 B6CastF1--2 months female #1 L. Cortex		healthy	Snyder	Liz Rebboah	Fairlie Reese & Narges Rezaie	Zhicheng	Done	https://drive.google.com/file/d/1m1lT8NvCSPHdlicFTtI1Dsv5rboxh7g7/view?usp=sharing	https://portal.brain-map.org/atlases-and-data/rnaseq/mouse-whole-cortex-and-hippocampus-10x	https://github.com/erebboah/enc4_mouse	
	mouse 	10x multiome	scATAC		HPCP	 B6CastF1--2 months female #1-3 Hippocampus		healthy	Snyder	Liz Rebboah	Fairlie Reese & Narges Rezaie	Zhicheng	Done		https://portal.brain-map.org/atlases-and-data/rnaseq/mouse-whole-cortex-and-hippocampus-10x	https://github.com/erebboah/enc4_mouse	
	mouse 	10x multiome	snRNA		HPCP	 B6CastF1--2 months female #1-3 Hippocampus		healthy	Snyder	Liz Rebboah	Fairlie Reese & Narges Rezaie	Zhicheng	Done	https://drive.google.com/file/d/1uMlF9pUVokP89GpsIlejs51aK5RWaASX/view?usp=sharing	https://portal.brain-map.org/atlases-and-data/rnaseq/mouse-whole-cortex-and-hippocampus-10x	https://github.com/erebboah/enc4_mouse	
ENCSR668VPD	mouse 	10x multiome	scATAC	ENCSR444PES	ADGL	 B6CastF1--2 months female #1-4 Adrenal Glands		healthy	Snyder	Liz Rebboah	Narges Rezaie	Wenpin	Done			https://github.com/erebboah/enc4_mouse	
ENCSR668VPD	mouse 	10x multiome	snRNA		ADGL	 B6CastF1--2 months female #1-4 Adrenal Glands		healthy	Snyder	Liz Rebboah	Narges Rezaie	Wenpin	Done	https://drive.google.com/file/d/19UasUWm7QlZdXsPW-7XGnk6htOGhRMoH/view?usp=sharing		https://github.com/erebboah/enc4_mouse	
ENCSR334WIT	mouse 	10x multiome	scATAC	ENCSR584MBU	GAST	 B6CastF1--2 months female #2 Gastroc.		healthy	Snyder	Liz Rebboah		Wenpin	Done		https://www.synapse.org/#!Synapse:syn21676145/wiki/601529	https://github.com/erebboah/enc4_mouse	
	mouse 	10x multiome	snRNA		GAST	 B6CastF1--2 months female #2 Gastroc.		healthy	Snyder	Liz Rebboah		Wenpin	Done	https://drive.google.com/file/d/1IyeaGZxpqO-QayzCSVGPRSvnk09XDawN/view?usp=sharing, https://drive.google.com/file/d/1xEJJnxac-rlylNHkTj9fkxJXGhqBeeW2/view?usp=sharing	https://www.synapse.org/#!Synapse:syn21676145/wiki/601529	https://github.com/erebboah/enc4_mouse	
	mouse 	10x multiome	scATAC		HEART	 B6CastF1--2 months female #2 Heart		healthy	Snyder	Liz Rebboah	Meng Wang	Wenpin	Done		https://www.heartcellatlas.org/#DataSources, https://www.ebi.ac.uk/arrayexpress/experiments/E-MTAB-6173/, https://www.ebi.ac.uk/arrayexpress/experiments/E-MTAB-8810/	https://github.com/erebboah/enc4_mouse	
	mouse 	10x multiome	snRNA		HEART	 B6CastF1--2 months female #2 Heart		healthy	Snyder	Liz Rebboah	Meng Wang	Wenpin	Done	https://drive.google.com/file/d/1R0Rr0Y8RDoC4OTjXJpdgdX7PPid-WUhj/view?usp=sharing	https://www.heartcellatlas.org/#DataSources, https://www.ebi.ac.uk/arrayexpress/experiments/E-MTAB-6173/, https://www.ebi.ac.uk/arrayexpress/experiments/E-MTAB-8810/	https://github.com/erebboah/enc4_mouse	
	mouse 	10x multiome	scATAC		CRTX	 B6CastF1--2 months female #2 L. Cortex		healthy	Snyder	Liz Rebboah	Fairlie Reese & Narges Rezaie	Zhicheng	Done		https://portal.brain-map.org/atlases-and-data/rnaseq/mouse-whole-cortex-and-hippocampus-10x	https://github.com/erebboah/enc4_mouse	
	mouse 	10x multiome	snRNA		CRTX	 B6CastF1--2 months female #2 L. Cortex		healthy	Snyder	Liz Rebboah	Fairlie Reese & Narges Rezaie	Zhicheng	Done	https://drive.google.com/file/d/1m1lT8NvCSPHdlicFTtI1Dsv5rboxh7g7/view?usp=sharing	https://portal.brain-map.org/atlases-and-data/rnaseq/mouse-whole-cortex-and-hippocampus-10x	https://github.com/erebboah/enc4_mouse	
	mouse 	10x multiome	scATAC		HPCP	 B6CastF1--2 months female #4-6 Hippocampus		healthy	Snyder	Liz Rebboah	Fairlie Reese & Narges Rezaie	Zhicheng	Done		https://portal.brain-map.org/atlases-and-data/rnaseq/mouse-whole-cortex-and-hippocampus-10x	https://github.com/erebboah/enc4_mouse	
	mouse 	10x multiome	snRNA		HPCP	 B6CastF1--2 months female #4-6 Hippocampus		healthy	Snyder	Liz Rebboah	Fairlie Reese & Narges Rezaie	Zhicheng	Done	https://drive.google.com/file/d/1uMlF9pUVokP89GpsIlejs51aK5RWaASX/view?usp=sharing	https://portal.brain-map.org/atlases-and-data/rnaseq/mouse-whole-cortex-and-hippocampus-10x	https://github.com/erebboah/enc4_mouse	
	mouse 	10x multiome	scATAC		ADGL	 B6CastF1--2 months female #5-8 Adrenal Glands		healthy	Snyder	Liz Rebboah	Narges Rezaie	Wenpin	Done			https://github.com/erebboah/enc4_mouse	
	mouse 	10x multiome	snRNA		ADGL	 B6CastF1--2 months female #5-8 Adrenal Glands		healthy	Snyder	Liz Rebboah	Narges Rezaie	Wenpin	Done	https://drive.google.com/file/d/19UasUWm7QlZdXsPW-7XGnk6htOGhRMoH/view?usp=sharing		https://github.com/erebboah/enc4_mouse	
ENCSR012QUJ	mouse 	10x multiome	scATAC	ENCSR562CYR	GAST	 B6CastF1--2 months male #1 Gastroc		healthy	Snyder	Liz Rebboah		Wenpin	Done		https://www.synapse.org/#!Synapse:syn21676145/wiki/601529	https://github.com/erebboah/enc4_mouse	
	mouse 	10x multiome	snRNA		GAST	 B6CastF1--2 months male #1 Gastroc		healthy	Snyder	Liz Rebboah		Wenpin	Done	https://drive.google.com/file/d/1IyeaGZxpqO-QayzCSVGPRSvnk09XDawN/view?usp=sharing, https://drive.google.com/file/d/1xEJJnxac-rlylNHkTj9fkxJXGhqBeeW2/view?usp=sharing	https://www.synapse.org/#!Synapse:syn21676145/wiki/601529	https://github.com/erebboah/enc4_mouse	
	mouse 	10x multiome	scATAC		HEART	 B6CastF1--2 months male #1 Heart		healthy	Snyder	Liz Rebboah	Meng Wang	Wenpin	Done		https://www.heartcellatlas.org/#DataSources, https://www.ebi.ac.uk/arrayexpress/experiments/E-MTAB-6173/, https://www.ebi.ac.uk/arrayexpress/experiments/E-MTAB-8810/	https://github.com/erebboah/enc4_mouse	
	mouse 	10x multiome	snRNA		HEART	 B6CastF1--2 months male #1 Heart		healthy	Snyder	Liz Rebboah	Meng Wang	Wenpin	Done	https://drive.google.com/file/d/1R0Rr0Y8RDoC4OTjXJpdgdX7PPid-WUhj/view?usp=sharing	https://www.heartcellatlas.org/#DataSources, https://www.ebi.ac.uk/arrayexpress/experiments/E-MTAB-6173/, https://www.ebi.ac.uk/arrayexpress/experiments/E-MTAB-8810/	https://github.com/erebboah/enc4_mouse	
	mouse 	10x multiome	scATAC		CRTX	 B6CastF1--2 months male #1 L. Cortex		healthy	Snyder	Liz Rebboah	Fairlie Reese & Narges Rezaie	Zhicheng	Done		https://portal.brain-map.org/atlases-and-data/rnaseq/mouse-whole-cortex-and-hippocampus-10x	https://github.com/erebboah/enc4_mouse	
	mouse 	10x multiome	snRNA		CRTX	 B6CastF1--2 months male #1 L. Cortex		healthy	Snyder	Liz Rebboah	Fairlie Reese & Narges Rezaie	Zhicheng	Done	https://drive.google.com/file/d/1m1lT8NvCSPHdlicFTtI1Dsv5rboxh7g7/view?usp=sharing	https://portal.brain-map.org/atlases-and-data/rnaseq/mouse-whole-cortex-and-hippocampus-10x	https://github.com/erebboah/enc4_mouse	
	mouse 	10x multiome	scATAC		HPCP	 B6CastF1--2 months male #1-3 Hippocampus		healthy	Snyder	Liz Rebboah	Fairlie Reese & Narges Rezaie	Zhicheng	Done		https://portal.brain-map.org/atlases-and-data/rnaseq/mouse-whole-cortex-and-hippocampus-10x	https://github.com/erebboah/enc4_mouse	
	mouse 	10x multiome	snRNA		HPCP	 B6CastF1--2 months male #1-3 Hippocampus		healthy	Snyder	Liz Rebboah	Fairlie Reese & Narges Rezaie	Zhicheng	Done	https://drive.google.com/file/d/1uMlF9pUVokP89GpsIlejs51aK5RWaASX/view?usp=sharing	https://portal.brain-map.org/atlases-and-data/rnaseq/mouse-whole-cortex-and-hippocampus-10x	https://github.com/erebboah/enc4_mouse	
	mouse 	10x multiome	scATAC		ADGL	 B6CastF1--2 months male #1-4 Adrenal Glands		healthy	Snyder	Liz Rebboah	Narges Rezaie	Wenpin	Done			https://github.com/erebboah/enc4_mouse	
	mouse 	10x multiome	snRNA		ADGL	 B6CastF1--2 months male #1-4 Adrenal Glands		healthy	Snyder	Liz Rebboah	Narges Rezaie	Wenpin	Done	https://drive.google.com/file/d/19UasUWm7QlZdXsPW-7XGnk6htOGhRMoH/view?usp=sharing		https://github.com/erebboah/enc4_mouse	
ENCSR964PUM	mouse 	10x multiome	scATAC	ENCSR648KQI	GAST	 B6CastF1--2 months male #2 Gastroc		healthy	Snyder	Liz Rebboah		Wenpin	Done		https://www.synapse.org/#!Synapse:syn21676145/wiki/601529	https://github.com/erebboah/enc4_mouse	
	mouse 	10x multiome	snRNA		GAST	 B6CastF1--2 months male #2 Gastroc		healthy	Snyder	Liz Rebboah		Wenpin	Done	https://drive.google.com/file/d/1IyeaGZxpqO-QayzCSVGPRSvnk09XDawN/view?usp=sharing, https://drive.google.com/file/d/1xEJJnxac-rlylNHkTj9fkxJXGhqBeeW2/view?usp=sharing	https://www.synapse.org/#!Synapse:syn21676145/wiki/601529	https://github.com/erebboah/enc4_mouse	
	mouse 	10x multiome	scATAC		HEART	 B6CastF1--2 months male #2 Heart		healthy	Snyder	Liz Rebboah	Meng Wang	Wenpin	Done		https://www.heartcellatlas.org/#DataSources, https://www.ebi.ac.uk/arrayexpress/experiments/E-MTAB-6173/, https://www.ebi.ac.uk/arrayexpress/experiments/E-MTAB-8810/	https://github.com/erebboah/enc4_mouse	
	mouse 	10x multiome	snRNA		HEART	 B6CastF1--2 months male #2 Heart		healthy	Snyder	Liz Rebboah	Meng Wang	Wenpin	Done	https://drive.google.com/file/d/1R0Rr0Y8RDoC4OTjXJpdgdX7PPid-WUhj/view?usp=sharing	https://www.heartcellatlas.org/#DataSources, https://www.ebi.ac.uk/arrayexpress/experiments/E-MTAB-6173/, https://www.ebi.ac.uk/arrayexpress/experiments/E-MTAB-8810/	https://github.com/erebboah/enc4_mouse	
	mouse 	10x multiome	scATAC		CRTX	 B6CastF1--2 months male #2 L. Cortex		healthy	Snyder	Liz Rebboah	Fairlie Reese & Narges Rezaie	Zhicheng	Done		https://portal.brain-map.org/atlases-and-data/rnaseq/mouse-whole-cortex-and-hippocampus-10x	https://github.com/erebboah/enc4_mouse	
	mouse 	10x multiome	snRNA		CRTX	 B6CastF1--2 months male #2 L. Cortex		healthy	Snyder	Liz Rebboah	Fairlie Reese & Narges Rezaie	Zhicheng	Done	https://drive.google.com/file/d/1m1lT8NvCSPHdlicFTtI1Dsv5rboxh7g7/view?usp=sharing	https://portal.brain-map.org/atlases-and-data/rnaseq/mouse-whole-cortex-and-hippocampus-10x	https://github.com/erebboah/enc4_mouse	
	mouse 	10x multiome	scATAC		HPCP	 B6CastF1--2 months male #4-6 Hippocampus		healthy	Snyder	Liz Rebboah	Fairlie Reese & Narges Rezaie	Zhicheng	Done		https://portal.brain-map.org/atlases-and-data/rnaseq/mouse-whole-cortex-and-hippocampus-10x	https://github.com/erebboah/enc4_mouse	
	mouse 	10x multiome	snRNA		HPCP	 B6CastF1--2 months male #4-6 Hippocampus		healthy	Snyder	Liz Rebboah	Fairlie Reese & Narges Rezaie	Zhicheng	Done	https://drive.google.com/file/d/1uMlF9pUVokP89GpsIlejs51aK5RWaASX/view?usp=sharing	https://portal.brain-map.org/atlases-and-data/rnaseq/mouse-whole-cortex-and-hippocampus-10x	https://github.com/erebboah/enc4_mouse	
	mouse 	10x multiome	scATAC		ADGL	 B6CastF1--2 months male #5-8 Adrenal Glands		healthy	Snyder	Liz Rebboah	Narges Rezaie	Wenpin	Done			https://github.com/erebboah/enc4_mouse	
	mouse 	10x multiome	snRNA		ADGL	 B6CastF1--2 months male #5-8 Adrenal Glands		healthy	Snyder	Liz Rebboah	Narges Rezaie	Wenpin	Done	https://drive.google.com/file/d/19UasUWm7QlZdXsPW-7XGnk6htOGhRMoH/view?usp=sharing		https://github.com/erebboah/enc4_mouse	
ENCSR302LEY	human		snATAC-seq	n/a		adrenal gland	ENCDO793LXB	healthy	Bing Ren	Yu Fu		Austin	peer review by  Oct 24	https://docs.google.com/spreadsheets/d/1qMl_3mSnZO5dFGExVEhvqzupY3mhMXSSIndfsWCcIu4/edit?usp=sharing			
ENCSR028JGT	human	10x scATAC	scATAC	n/a	ADGL	adrenal gland 		healthy	Snyder	Austin Wang	Liz Rebboah	Liz Rebboah	Done				
ENCSR205VFW	human	10x scATAC	scATAC	n/a	ADGL	adrenal gland 		healthy	Snyder	Austin Wang	Liz Rebboah	Liz Rebboah	Done				
ENCSR035BDI	human	10x snRNA	snRNA	n/a	ADGL	adrenal gland 		healthy	Snyder	Austin Wang	Liz Rebboah	Liz Rebboah	Done				
ENCSR620AJZ 	human	10x snRNA	snRNA	n/a	ADGL	adrenal gland 		healthy	Snyder	Austin Wang	Liz Rebboah	Liz Rebboah	Done				
ENCSR194KHA 	human	10x multiome	scATAC	ENCSR449VCG	ADGL	adrenal gland 		healthy	Snyder	Julia Schaepe	Narges	Narges	Done				
ENCSR420EWQ	human	10x multiome	scATAC	ENCSR212VKB	ADGL	adrenal gland 		healthy	Snyder	Julia Schaepe	Narges	Narges	Done				
ENCSR693GAD 	human	10x multiome	scATAC	ENCSR662XCU	ADGL	adrenal gland 		healthy	Snyder	Julia Schaepe	Narges	Narges	Done				
ENCSR726IPC 	human	10x multiome	snRNA	ENCSR449VCG	ADGL	adrenal gland 		healthy	Snyder	Julia Schaepe	Narges	Narges	Done				
ENCSR362YDM	human	10x multiome	snRNA	ENCSR212VKB	ADGL	adrenal gland 		healthy	Snyder	Julia Schaepe	Narges	Narges	Done				
ENCSR724KET	human	10x multiome	snRNA	ENCSR662XCU	ADGL	adrenal gland 		healthy	Snyder	Julia Schaepe	Narges	Narges	Done				
ENCSR312AOC	mouse 	Parse snRNA	snRNA	n/a	ADGL	adrenal gland 	ENCDO509HIY	healthy	Mortazavi	Liz Rebboah	Fairlie Reese & Narges Rezaie	Zhicheng	Done	https://drive.google.com/file/d/1m1lT8NvCSPHdlicFTtI1Dsv5rboxh7g7/view?usp=sharing	https://portal.brain-map.org/atlases-and-data/rnaseq/mouse-whole-cortex-and-hippocampus-10x	https://github.com/erebboah/enc4_mouse	
ENCSR165FLF	mouse 	Parse snRNA	snRNA	n/a	ADGL	adrenal gland 	ENCDO509HIY	healthy	Mortazavi	Liz Rebboah	Narges Rezaie	Wenpin	Done	https://drive.google.com/file/d/19UasUWm7QlZdXsPW-7XGnk6htOGhRMoH/view?usp=sharing		https://github.com/erebboah/enc4_mouse	
ENCSR111SCI	mouse 	Parse snRNA	snRNA	n/a	ADGL	adrenal gland 	ENCDO509HIY	healthy	Mortazavi	Liz Rebboah	Narges Rezaie	Wenpin	Done	https://drive.google.com/file/d/19UasUWm7QlZdXsPW-7XGnk6htOGhRMoH/view?usp=sharing		https://github.com/erebboah/enc4_mouse	
ENCSR662TPD	mouse 	Parse snRNA	snRNA	n/a	ADGL	adrenal gland 	ENCDO509HIY	healthy	Mortazavi	Liz Rebboah	Narges Rezaie	Wenpin	Done	https://drive.google.com/file/d/19UasUWm7QlZdXsPW-7XGnk6htOGhRMoH/view?usp=sharing		https://github.com/erebboah/enc4_mouse	
ENCSR998YMP	mouse 	Parse snRNA	snRNA	n/a	ADGL	adrenal gland 	ENCDO509HIY	healthy	Mortazavi	Liz Rebboah	Narges Rezaie	Wenpin	Done	https://drive.google.com/file/d/19UasUWm7QlZdXsPW-7XGnk6htOGhRMoH/view?usp=sharing		https://github.com/erebboah/enc4_mouse	
ENCSR776XMP	mouse 	Parse snRNA	snRNA	n/a	ADGL	adrenal gland 	ENCDO509HIY	healthy	Mortazavi	Liz Rebboah	Narges Rezaie	Wenpin	Done	https://drive.google.com/file/d/19UasUWm7QlZdXsPW-7XGnk6htOGhRMoH/view?usp=sharing		https://github.com/erebboah/enc4_mouse	
ENCSR396XOO	mouse 	Parse snRNA	snRNA	n/a	ADGL	adrenal gland 	ENCDO509HIY	healthy	Mortazavi	Liz Rebboah	Narges Rezaie	Wenpin	Done	https://drive.google.com/file/d/19UasUWm7QlZdXsPW-7XGnk6htOGhRMoH/view?usp=sharing		https://github.com/erebboah/enc4_mouse	
ENCSR711LRI	mouse 	Parse snRNA	snRNA	n/a	ADGL	adrenal gland 	ENCDO509HIY	healthy	Mortazavi	Liz Rebboah	Narges Rezaie	Wenpin	Done	https://drive.google.com/file/d/19UasUWm7QlZdXsPW-7XGnk6htOGhRMoH/view?usp=sharing		https://github.com/erebboah/enc4_mouse	
ENCSR826EHD	mouse 	Parse snRNA	snRNA	n/a	ADGL	adrenal gland 	ENCDO509HIY	healthy	Mortazavi	Liz Rebboah	Narges Rezaie	Wenpin	Done	https://drive.google.com/file/d/19UasUWm7QlZdXsPW-7XGnk6htOGhRMoH/view?usp=sharing		https://github.com/erebboah/enc4_mouse	
ENCSR108ZIJ	mouse 	Parse snRNA	snRNA	n/a	ADGL	adrenal gland 	ENCDO509HIY	healthy	Mortazavi	Liz Rebboah	Narges Rezaie	Wenpin	Done	https://drive.google.com/file/d/19UasUWm7QlZdXsPW-7XGnk6htOGhRMoH/view?usp=sharing		https://github.com/erebboah/enc4_mouse	
ENCSR097PDV	mouse 	Parse snRNA	snRNA	n/a	ADGL	adrenal gland 	ENCDO509HIY	healthy	Mortazavi	Liz Rebboah	Narges Rezaie	Wenpin	Done	https://drive.google.com/file/d/19UasUWm7QlZdXsPW-7XGnk6htOGhRMoH/view?usp=sharing		https://github.com/erebboah/enc4_mouse	
ENCSR693KAV	mouse 	Parse snRNA	snRNA	n/a	ADGL	adrenal gland 	ENCDO509HIY	healthy	Mortazavi	Liz Rebboah	Narges Rezaie	Wenpin	Done	https://drive.google.com/file/d/19UasUWm7QlZdXsPW-7XGnk6htOGhRMoH/view?usp=sharing		https://github.com/erebboah/enc4_mouse	
ENCSR899EKD	mouse 	Parse snRNA	snRNA	n/a	ADGL	adrenal gland 	ENCDO509HIY	healthy	Mortazavi	Liz Rebboah	Narges Rezaie	Wenpin	Done	https://drive.google.com/file/d/19UasUWm7QlZdXsPW-7XGnk6htOGhRMoH/view?usp=sharing		https://github.com/erebboah/enc4_mouse	
ENCSR526LFP	mouse 	Parse snRNA	snRNA	n/a	ADGL	adrenal gland 	ENCDO509HIY	healthy	Mortazavi	Liz Rebboah	Narges Rezaie	Wenpin	Done	https://drive.google.com/file/d/19UasUWm7QlZdXsPW-7XGnk6htOGhRMoH/view?usp=sharing		https://github.com/erebboah/enc4_mouse	
ENCSR808WCV	human		snATAC-seq	n/a		ascending aorta	ENCDO793LXB	healthy	Bing Ren	Yu Fu		Austin	peer review by  Oct 24	https://docs.google.com/spreadsheets/d/1qMl_3mSnZO5dFGExVEhvqzupY3mhMXSSIndfsWCcIu4/edit?usp=sharing			
ENCSR411MLR	human		snATAC-seq	n/a		ascending aorta	ENCDO271OUW	healthy	Bing Ren	Yu Fu		Austin	peer review by  Oct 24	https://docs.google.com/spreadsheets/d/1qMl_3mSnZO5dFGExVEhvqzupY3mhMXSSIndfsWCcIu4/edit?usp=sharing			
ENCSR381NFT	human	10x multiome	scATAC	ENCSR068ZQV	BILE	bile duct		healthy	Snyder	Ben Doughty	Ben Parks	Surag	Uploaded to  synapse, peer review by  Oct 24				Uploaded to synapse
ENCSR833BMK	human	10x multiome	scATAC	ENCSR871JTA	BILE	bile duct		healthy	Snyder	Ben Doughty	Ben Parks	Surag	Uploaded to  synapse, peer review by  Oct 24				Not sure if usable
ENCSR769KWM	human	10x multiome	snRNA	ENCSR068ZQV	BILE	bile duct		healthy	Snyder	Ben Doughty	Ben Parks	Surag	Uploaded to  synapse, peer review by  Oct 24				Uploaded to synapse
ENCSR060SEA	human	10x multiome	snRNA	ENCSR871JTA	BILE	bile duct		healthy	Snyder	Ben Doughty	Ben Parks	Surag	Uploaded to  synapse, peer review by  Oct 24				Not sure if usable
ENCSR234CRD	human		snATAC-seq	n/a		body of pancreas	ENCDO451RUA	healthy	Bing Ren	Yu Fu		Austin	peer review by  Oct 24	https://docs.google.com/spreadsheets/d/1qMl_3mSnZO5dFGExVEhvqzupY3mhMXSSIndfsWCcIu4/edit?usp=sharing			
ENCSR979ZOG	human		snATAC-seq	n/a		body of pancreas	ENCDO793LXB	healthy	Bing Ren	Yu Fu		Austin	peer review by  Oct 24	https://docs.google.com/spreadsheets/d/1qMl_3mSnZO5dFGExVEhvqzupY3mhMXSSIndfsWCcIu4/edit?usp=sharing			
ENCSR261TQO	human		snATAC-seq	n/a		body of pancreas	ENCDO271OUW	healthy	Bing Ren	Yu Fu		Austin	peer review by  Oct 24	https://docs.google.com/spreadsheets/d/1qMl_3mSnZO5dFGExVEhvqzupY3mhMXSSIndfsWCcIu4/edit?usp=sharing			
ENCSR893WOE	human		snATAC-seq	n/a		body of pancreas	ENCDO845WKR	healthy	Bing Ren	Yu Fu		Austin	peer review by  Oct 24	https://docs.google.com/spreadsheets/d/1qMl_3mSnZO5dFGExVEhvqzupY3mhMXSSIndfsWCcIu4/edit?usp=sharing			
ENCSR438ETW	human		snATAC-seq	n/a		breast epithelium	ENCDO793LXB	healthy	Bing Ren	Yu Fu		Austin	peer review by  Oct 24	https://docs.google.com/spreadsheets/d/1qMl_3mSnZO5dFGExVEhvqzupY3mhMXSSIndfsWCcIu4/edit?usp=sharing			
ENCSR845QFX	human		snATAC-seq	n/a		breast epithelium	ENCDO271OUW	healthy	Bing Ren	Yu Fu		Austin	peer review by  Oct 24	https://docs.google.com/spreadsheets/d/1qMl_3mSnZO5dFGExVEhvqzupY3mhMXSSIndfsWCcIu4/edit?usp=sharing			
ENCSR491LSZ 	human	10x multiome	scATAC	ENCSR613LBN	CARL	cardiac atrium left		healthy	Snyder	Meng Wang	Liz Rebboah	Liz Rebboah	Annotations by Oct 31				
ENCSR777GVP 	human	10x multiome	scATAC	ENCSR923FKN	CARL	cardiac atrium left		healthy	Snyder	Meng Wang	Liz Rebboah	Liz Rebboah	Annotations by Oct 31				
ENCSR299NEP	human	10x multiome	scATAC	ENCSR351CSQ	CARL	cardiac atrium left		healthy	Snyder	Meng Wang	Liz Rebboah	Liz Rebboah	Annotations by Oct 31				
ENCSR463EEP 	human	10x multiome	snRNA	ENCSR613LBN	CARL	cardiac atrium left		healthy	Snyder	Meng Wang	Liz Rebboah	Liz Rebboah	Annotations by Oct 31				
ENCSR700UVN 	human	10x multiome	snRNA	ENCSR923FKN	CARL	cardiac atrium left		healthy	Snyder	Meng Wang	Liz Rebboah	Liz Rebboah	Annotations by Oct 31				
ENCSR527MGL 	human	10x multiome	snRNA	ENCSR351CSQ	CARL	cardiac atrium left		healthy	Snyder	Meng Wang	Liz Rebboah	Liz Rebboah	Annotations by Oct 31				
ENCSR607OJR	human	10x multiome	scATAC	ENCSR218RZE	CARR	cardiac atrium right		healthy	Snyder	Meng Wang	Liz Rebboah	Liz Rebboah	Annotations by Oct 31				
ENCSR486KVX	human	10x multiome	scATAC	ENCSR002WBD	CARR	cardiac atrium right		healthy	Snyder	Meng Wang	Liz Rebboah	Liz Rebboah	Annotations by Oct 31				
ENCSR499VTJ	human	10x multiome	scATAC	ENCSR488VFJ	CARR	cardiac atrium right		healthy	Snyder	Meng Wang	Liz Rebboah	Liz Rebboah	Annotations by Oct 31				
ENCSR087YKG	human	10x multiome	snRNA	ENCSR218RZE	CARR	cardiac atrium right		healthy	Snyder	Meng Wang	Liz Rebboah	Liz Rebboah	Annotations by Oct 31				
ENCSR522HNR	human	10x multiome	snRNA	ENCSR002WBD	CARR	cardiac atrium right		healthy	Snyder	Meng Wang	Liz Rebboah	Liz Rebboah	Annotations by Oct 31				
ENCSR943HBF	human	10x multiome	snRNA	ENCSR488VFJ	CARR	cardiac atrium right		healthy	Snyder	Meng Wang	Liz Rebboah	Liz Rebboah	Annotations by Oct 31				
ENCSR375XCZ	human	10x scATAC	scATAC	n/a	COLM	colonic mucosa		healthy	Snyder	Winston		Meng	Done				
ENCSR593FCC	human	10x scATAC	scATAC	n/a	COLM	colonic mucosa		healthy	Snyder	Winston		Meng	Done				
ENCSR656VWP	human	10x snRNA	snRNA	n/a	COLM	colonic mucosa		healthy	Snyder	Winston		Meng	Done				
ENCSR707ECV	human	10x snRNA	snRNA	n/a	COLM	colonic mucosa		healthy	Snyder	Winston		Meng	Done				
ENCSR577BWJ	human		snATAC-seq	n/a		esophagus muscularis mucosa	ENCDO451RUA	healthy	Bing Ren	Yu Fu		Austin	peer review by  Oct 24	https://docs.google.com/spreadsheets/d/1qMl_3mSnZO5dFGExVEhvqzupY3mhMXSSIndfsWCcIu4/edit?usp=sharing			
ENCSR168TFI	human		snATAC-seq	n/a		esophagus muscularis mucosa	ENCDO793LXB	healthy	Bing Ren	Yu Fu		Austin	peer review by  Oct 24	https://docs.google.com/spreadsheets/d/1qMl_3mSnZO5dFGExVEhvqzupY3mhMXSSIndfsWCcIu4/edit?usp=sharing			
ENCSR660NEE	human		snATAC-seq	n/a		esophagus muscularis mucosa	ENCDO271OUW	healthy	Bing Ren	Yu Fu		Austin	peer review by  Oct 24	https://docs.google.com/spreadsheets/d/1qMl_3mSnZO5dFGExVEhvqzupY3mhMXSSIndfsWCcIu4/edit?usp=sharing			
ENCSR871CTA	human		snATAC-seq	n/a		esophagus muscularis mucosa	ENCDO845WKR	healthy	Bing Ren	Yu Fu		Austin	peer review by  Oct 24	https://docs.google.com/spreadsheets/d/1qMl_3mSnZO5dFGExVEhvqzupY3mhMXSSIndfsWCcIu4/edit?usp=sharing			
ENCSR164GSH	human		snATAC-seq	n/a		esophagus squamous epithelium	ENCDO793LXB	healthy	Bing Ren	Yu Fu		Austin	peer review by  Oct 24	https://docs.google.com/spreadsheets/d/1qMl_3mSnZO5dFGExVEhvqzupY3mhMXSSIndfsWCcIu4/edit?usp=sharing			
ENCSR757EGB	human		snATAC-seq	n/a		esophagus squamous epithelium	ENCDO451RUA	healthy	Bing Ren	Yu Fu		Austin	peer review by  Oct 24	https://docs.google.com/spreadsheets/d/1qMl_3mSnZO5dFGExVEhvqzupY3mhMXSSIndfsWCcIu4/edit?usp=sharing			
ENCSR453TVZ	human		snATAC-seq	n/a		esophagus squamous epithelium	ENCDO271OUW	healthy	Bing Ren	Yu Fu		Austin	peer review by  Oct 24	https://docs.google.com/spreadsheets/d/1qMl_3mSnZO5dFGExVEhvqzupY3mhMXSSIndfsWCcIu4/edit?usp=sharing			
ENCSR815FGT	human	10x multiome	scATAC	ENCSR420IUS	FLPN	fallopian tube		healthy	Snyder	Liz Rebboah		Ben D	Done		https://cellxgene.cziscience.com/collections/fc77d2ae-247d-44d7-aa24-3f4859254c2c	https://github.com/ENCODE-AWG/enc4_human/	
ENCSR690KGJ	human	10x multiome	scATAC	ENCSR980AFI	FLPN	fallopian tube		healthy	Snyder	Liz Rebboah		Ben D	Done		https://cellxgene.cziscience.com/collections/fc77d2ae-247d-44d7-aa24-3f4859254c2c	https://github.com/ENCODE-AWG/enc4_human/	
ENCSR011EDH	human	10x multiome	snRNA	ENCSR420IUS	FLPN	fallopian tube		healthy	Snyder	Liz Rebboah		Ben D	Done	https://drive.google.com/file/d/1_Ku_9klnPwLvZTyFXFba92sBCae-hXC1/view?usp=sharing	https://cellxgene.cziscience.com/collections/fc77d2ae-247d-44d7-aa24-3f4859254c2c	https://github.com/ENCODE-AWG/enc4_human/	
ENCSR642GFM	human	10x multiome	snRNA	ENCSR980AFI	FLPN	fallopian tube		healthy	Snyder	Liz Rebboah		Ben D	Done	https://drive.google.com/file/d/1_Ku_9klnPwLvZTyFXFba92sBCae-hXC1/view?usp=sharing	https://cellxgene.cziscience.com/collections/fc77d2ae-247d-44d7-aa24-3f4859254c2c	https://github.com/ENCODE-AWG/enc4_human/	
ENCSR627PLH	mouse 	Parse snRNA	snRNA	n/a	GAST	gastrocnemius	ENCDO509HIY	healthy	Mortazavi	Liz Rebboah		Wenpin	Done	https://drive.google.com/file/d/1IyeaGZxpqO-QayzCSVGPRSvnk09XDawN/view?usp=sharing, https://drive.google.com/file/d/1xEJJnxac-rlylNHkTj9fkxJXGhqBeeW2/view?usp=sharing	https://www.synapse.org/#!Synapse:syn21676145/wiki/601529	https://github.com/erebboah/enc4_mouse	
ENCSR930FUM	mouse 	Parse snRNA	snRNA	n/a	GAST	gastrocnemius	ENCDO509HIY	healthy	Mortazavi	Liz Rebboah		Wenpin	Done	https://drive.google.com/file/d/1IyeaGZxpqO-QayzCSVGPRSvnk09XDawN/view?usp=sharing, https://drive.google.com/file/d/1xEJJnxac-rlylNHkTj9fkxJXGhqBeeW2/view?usp=sharing	https://www.synapse.org/#!Synapse:syn21676145/wiki/601529	https://github.com/erebboah/enc4_mouse	
ENCSR554FGW	mouse 	Parse snRNA	snRNA	n/a	GAST	gastrocnemius	ENCDO509HIY	healthy	Mortazavi	Liz Rebboah		Wenpin	Done	https://drive.google.com/file/d/1IyeaGZxpqO-QayzCSVGPRSvnk09XDawN/view?usp=sharing, https://drive.google.com/file/d/1xEJJnxac-rlylNHkTj9fkxJXGhqBeeW2/view?usp=sharing	https://www.synapse.org/#!Synapse:syn21676145/wiki/601529	https://github.com/erebboah/enc4_mouse	
ENCSR667UMR	mouse 	Parse snRNA	snRNA	n/a	GAST	gastrocnemius	ENCDO509HIY	healthy	Mortazavi	Liz Rebboah		Wenpin	Done	https://drive.google.com/file/d/1IyeaGZxpqO-QayzCSVGPRSvnk09XDawN/view?usp=sharing, https://drive.google.com/file/d/1xEJJnxac-rlylNHkTj9fkxJXGhqBeeW2/view?usp=sharing	https://www.synapse.org/#!Synapse:syn21676145/wiki/601529	https://github.com/erebboah/enc4_mouse	
ENCSR355CTS	mouse 	Parse snRNA	snRNA	n/a	GAST	gastrocnemius	ENCDO509HIY	healthy	Mortazavi	Liz Rebboah		Wenpin	Done	https://drive.google.com/file/d/1IyeaGZxpqO-QayzCSVGPRSvnk09XDawN/view?usp=sharing, https://drive.google.com/file/d/1xEJJnxac-rlylNHkTj9fkxJXGhqBeeW2/view?usp=sharing	https://www.synapse.org/#!Synapse:syn21676145/wiki/601529	https://github.com/erebboah/enc4_mouse	
ENCSR581NLU	mouse 	Parse snRNA	snRNA	n/a	GAST	gastrocnemius	ENCDO509HIY	healthy	Mortazavi	Liz Rebboah		Wenpin	Done	https://drive.google.com/file/d/1IyeaGZxpqO-QayzCSVGPRSvnk09XDawN/view?usp=sharing, https://drive.google.com/file/d/1xEJJnxac-rlylNHkTj9fkxJXGhqBeeW2/view?usp=sharing	https://www.synapse.org/#!Synapse:syn21676145/wiki/601529	https://github.com/erebboah/enc4_mouse	
ENCSR627XNK	mouse 	Parse snRNA	snRNA	n/a	GAST	gastrocnemius	ENCDO509HIY	healthy	Mortazavi	Liz Rebboah		Wenpin	Done	https://drive.google.com/file/d/1IyeaGZxpqO-QayzCSVGPRSvnk09XDawN/view?usp=sharing, https://drive.google.com/file/d/1xEJJnxac-rlylNHkTj9fkxJXGhqBeeW2/view?usp=sharing	https://www.synapse.org/#!Synapse:syn21676145/wiki/601529	https://github.com/erebboah/enc4_mouse	
ENCSR823CLM	mouse 	Parse snRNA	snRNA	n/a	GAST	gastrocnemius	ENCDO509HIY	healthy	Mortazavi	Liz Rebboah		Wenpin	Done	https://drive.google.com/file/d/1IyeaGZxpqO-QayzCSVGPRSvnk09XDawN/view?usp=sharing, https://drive.google.com/file/d/1xEJJnxac-rlylNHkTj9fkxJXGhqBeeW2/view?usp=sharing	https://www.synapse.org/#!Synapse:syn21676145/wiki/601529	https://github.com/erebboah/enc4_mouse	
ENCSR488XVC	mouse 	Parse snRNA	snRNA	n/a	GAST	gastrocnemius	ENCDO509HIY	healthy	Mortazavi	Liz Rebboah		Wenpin	Done	https://drive.google.com/file/d/1IyeaGZxpqO-QayzCSVGPRSvnk09XDawN/view?usp=sharing, https://drive.google.com/file/d/1xEJJnxac-rlylNHkTj9fkxJXGhqBeeW2/view?usp=sharing	https://www.synapse.org/#!Synapse:syn21676145/wiki/601529	https://github.com/erebboah/enc4_mouse	
ENCSR459ESG	mouse 	Parse snRNA	snRNA	n/a	GAST	gastrocnemius	ENCDO509HIY	healthy	Mortazavi	Liz Rebboah		Wenpin	Done	https://drive.google.com/file/d/1IyeaGZxpqO-QayzCSVGPRSvnk09XDawN/view?usp=sharing, https://drive.google.com/file/d/1xEJJnxac-rlylNHkTj9fkxJXGhqBeeW2/view?usp=sharing	https://www.synapse.org/#!Synapse:syn21676145/wiki/601529	https://github.com/erebboah/enc4_mouse	
ENCSR576UHY	mouse 	Parse snRNA	snRNA	n/a	GAST	gastrocnemius	ENCDO509HIY	healthy	Mortazavi	Liz Rebboah		Wenpin	Done	https://drive.google.com/file/d/1IyeaGZxpqO-QayzCSVGPRSvnk09XDawN/view?usp=sharing, https://drive.google.com/file/d/1xEJJnxac-rlylNHkTj9fkxJXGhqBeeW2/view?usp=sharing	https://www.synapse.org/#!Synapse:syn21676145/wiki/601529	https://github.com/erebboah/enc4_mouse	
ENCSR047KXM	mouse 	Parse snRNA	snRNA	n/a	GAST	gastrocnemius	ENCDO509HIY	healthy	Mortazavi	Liz Rebboah		Wenpin	Done	https://drive.google.com/file/d/1IyeaGZxpqO-QayzCSVGPRSvnk09XDawN/view?usp=sharing, https://drive.google.com/file/d/1xEJJnxac-rlylNHkTj9fkxJXGhqBeeW2/view?usp=sharing	https://www.synapse.org/#!Synapse:syn21676145/wiki/601529	https://github.com/erebboah/enc4_mouse	
ENCSR927BSJ	mouse 	Parse snRNA	snRNA	n/a	GAST	gastrocnemius	ENCDO509HIY	healthy	Mortazavi	Liz Rebboah		Wenpin	Done	https://drive.google.com/file/d/1IyeaGZxpqO-QayzCSVGPRSvnk09XDawN/view?usp=sharing, https://drive.google.com/file/d/1xEJJnxac-rlylNHkTj9fkxJXGhqBeeW2/view?usp=sharing	https://www.synapse.org/#!Synapse:syn21676145/wiki/601529	https://github.com/erebboah/enc4_mouse	
ENCSR019BZL	mouse 	Parse snRNA	snRNA	n/a	GAST	gastrocnemius	ENCDO509HIY	healthy	Mortazavi	Liz Rebboah		Wenpin	Done	https://drive.google.com/file/d/1IyeaGZxpqO-QayzCSVGPRSvnk09XDawN/view?usp=sharing, https://drive.google.com/file/d/1xEJJnxac-rlylNHkTj9fkxJXGhqBeeW2/view?usp=sharing	https://www.synapse.org/#!Synapse:syn21676145/wiki/601529	https://github.com/erebboah/enc4_mouse	
ENCSR696NAL	mouse 	Parse snRNA	snRNA	n/a	GAST	gastrocnemius	ENCDO509HIY	healthy	Mortazavi	Liz Rebboah		Wenpin	Done	https://drive.google.com/file/d/1IyeaGZxpqO-QayzCSVGPRSvnk09XDawN/view?usp=sharing, https://drive.google.com/file/d/1xEJJnxac-rlylNHkTj9fkxJXGhqBeeW2/view?usp=sharing	https://www.synapse.org/#!Synapse:syn21676145/wiki/601529	https://github.com/erebboah/enc4_mouse	
ENCSR328JOY	mouse 	Parse snRNA	snRNA	n/a	GAST	gastrocnemius	ENCDO509HIY	healthy	Mortazavi	Liz Rebboah		Wenpin	Done	https://drive.google.com/file/d/1IyeaGZxpqO-QayzCSVGPRSvnk09XDawN/view?usp=sharing, https://drive.google.com/file/d/1xEJJnxac-rlylNHkTj9fkxJXGhqBeeW2/view?usp=sharing	https://www.synapse.org/#!Synapse:syn21676145/wiki/601529	https://github.com/erebboah/enc4_mouse	
ENCSR253YLA	mouse 	Parse snRNA	snRNA	n/a	GAST	gastrocnemius	ENCDO509HIY	healthy	Mortazavi	Liz Rebboah		Wenpin	Done	https://drive.google.com/file/d/1IyeaGZxpqO-QayzCSVGPRSvnk09XDawN/view?usp=sharing, https://drive.google.com/file/d/1xEJJnxac-rlylNHkTj9fkxJXGhqBeeW2/view?usp=sharing	https://www.synapse.org/#!Synapse:syn21676145/wiki/601529	https://github.com/erebboah/enc4_mouse	
ENCSR653HPZ	mouse 	Parse snRNA	snRNA	n/a	GAST	gastrocnemius	ENCDO509HIY	healthy	Mortazavi	Liz Rebboah		Wenpin	Done	https://drive.google.com/file/d/1IyeaGZxpqO-QayzCSVGPRSvnk09XDawN/view?usp=sharing, https://drive.google.com/file/d/1xEJJnxac-rlylNHkTj9fkxJXGhqBeeW2/view?usp=sharing	https://www.synapse.org/#!Synapse:syn21676145/wiki/601529	https://github.com/erebboah/enc4_mouse	
ENCSR462NDO	mouse 	Parse snRNA	snRNA	n/a	GAST	gastrocnemius	ENCDO509HIY	healthy	Mortazavi	Liz Rebboah		Wenpin	Done	https://drive.google.com/file/d/1IyeaGZxpqO-QayzCSVGPRSvnk09XDawN/view?usp=sharing, https://drive.google.com/file/d/1xEJJnxac-rlylNHkTj9fkxJXGhqBeeW2/view?usp=sharing	https://www.synapse.org/#!Synapse:syn21676145/wiki/601529	https://github.com/erebboah/enc4_mouse	
ENCSR498SXJ	mouse 	Parse snRNA	snRNA	n/a	GAST	gastrocnemius	ENCDO509HIY	healthy	Mortazavi	Liz Rebboah		Wenpin	Done	https://drive.google.com/file/d/1IyeaGZxpqO-QayzCSVGPRSvnk09XDawN/view?usp=sharing, https://drive.google.com/file/d/1xEJJnxac-rlylNHkTj9fkxJXGhqBeeW2/view?usp=sharing	https://www.synapse.org/#!Synapse:syn21676145/wiki/601529	https://github.com/erebboah/enc4_mouse	
ENCSR399TQO	mouse 	Parse snRNA	snRNA	n/a	GAST	gastrocnemius	ENCDO509HIY	healthy	Mortazavi	Liz Rebboah		Wenpin	Done	https://drive.google.com/file/d/1IyeaGZxpqO-QayzCSVGPRSvnk09XDawN/view?usp=sharing, https://drive.google.com/file/d/1xEJJnxac-rlylNHkTj9fkxJXGhqBeeW2/view?usp=sharing	https://www.synapse.org/#!Synapse:syn21676145/wiki/601529	https://github.com/erebboah/enc4_mouse	
ENCSR577OFZ	mouse 	Parse snRNA	snRNA	n/a	GAST	gastrocnemius	ENCDO509HIY	healthy	Mortazavi	Liz Rebboah		Wenpin	Done	https://drive.google.com/file/d/1IyeaGZxpqO-QayzCSVGPRSvnk09XDawN/view?usp=sharing, https://drive.google.com/file/d/1xEJJnxac-rlylNHkTj9fkxJXGhqBeeW2/view?usp=sharing	https://www.synapse.org/#!Synapse:syn21676145/wiki/601529	https://github.com/erebboah/enc4_mouse	
ENCSR966QJD	mouse 	Parse snRNA	snRNA	n/a	GAST	gastrocnemius	ENCDO509HIY	healthy	Mortazavi	Liz Rebboah		Wenpin	Done	https://drive.google.com/file/d/1IyeaGZxpqO-QayzCSVGPRSvnk09XDawN/view?usp=sharing, https://drive.google.com/file/d/1xEJJnxac-rlylNHkTj9fkxJXGhqBeeW2/view?usp=sharing	https://www.synapse.org/#!Synapse:syn21676145/wiki/601529	https://github.com/erebboah/enc4_mouse	
ENCSR580UNE	mouse 	Parse snRNA	snRNA	n/a	GAST	gastrocnemius	ENCDO509HIY	healthy	Mortazavi	Liz Rebboah		Wenpin	Done	https://drive.google.com/file/d/1IyeaGZxpqO-QayzCSVGPRSvnk09XDawN/view?usp=sharing, https://drive.google.com/file/d/1xEJJnxac-rlylNHkTj9fkxJXGhqBeeW2/view?usp=sharing	https://www.synapse.org/#!Synapse:syn21676145/wiki/601529	https://github.com/erebboah/enc4_mouse	
ENCSR137UJM	mouse 	Parse snRNA	snRNA	n/a	GAST	gastrocnemius	ENCDO509HIY	healthy	Mortazavi	Liz Rebboah		Wenpin	Done	https://drive.google.com/file/d/1IyeaGZxpqO-QayzCSVGPRSvnk09XDawN/view?usp=sharing, https://drive.google.com/file/d/1xEJJnxac-rlylNHkTj9fkxJXGhqBeeW2/view?usp=sharing	https://www.synapse.org/#!Synapse:syn21676145/wiki/601529	https://github.com/erebboah/enc4_mouse	
ENCSR150KKS	mouse 	Parse snRNA	snRNA	n/a	GAST	gastrocnemius	ENCDO509HIY	healthy	Mortazavi	Liz Rebboah		Wenpin	Done	https://drive.google.com/file/d/1IyeaGZxpqO-QayzCSVGPRSvnk09XDawN/view?usp=sharing, https://drive.google.com/file/d/1xEJJnxac-rlylNHkTj9fkxJXGhqBeeW2/view?usp=sharing	https://www.synapse.org/#!Synapse:syn21676145/wiki/601529	https://github.com/erebboah/enc4_mouse	
ENCSR279GBC	mouse 	Parse snRNA	snRNA	n/a	GAST	gastrocnemius	ENCDO509HIY	healthy	Mortazavi	Liz Rebboah		Wenpin	Done	https://drive.google.com/file/d/1IyeaGZxpqO-QayzCSVGPRSvnk09XDawN/view?usp=sharing, https://drive.google.com/file/d/1xEJJnxac-rlylNHkTj9fkxJXGhqBeeW2/view?usp=sharing	https://www.synapse.org/#!Synapse:syn21676145/wiki/601529	https://github.com/erebboah/enc4_mouse	
ENCSR480RWU	mouse 	Parse snRNA	snRNA	n/a	GAST	gastrocnemius	ENCDO509HIY	healthy	Mortazavi	Liz Rebboah		Wenpin	Done	https://drive.google.com/file/d/1IyeaGZxpqO-QayzCSVGPRSvnk09XDawN/view?usp=sharing, https://drive.google.com/file/d/1xEJJnxac-rlylNHkTj9fkxJXGhqBeeW2/view?usp=sharing	https://www.synapse.org/#!Synapse:syn21676145/wiki/601529	https://github.com/erebboah/enc4_mouse	
ENCSR696YOC	human		snATAC-seq	n/a		gastrocnemius medialis	ENCDO845WKR	healthy	Bing Ren	Yu Fu	Liz Rebboah	Austin	peer review by  Oct 24	https://docs.google.com/spreadsheets/d/1qMl_3mSnZO5dFGExVEhvqzupY3mhMXSSIndfsWCcIu4/edit?usp=sharing			
ENCSR139TIQ	human		snATAC-seq	n/a		gastrocnemius medialis	ENCDO451RUA	healthy	Bing Ren	Yu Fu	Liz Rebboah	Austin	peer review by  Oct 24	https://docs.google.com/spreadsheets/d/1qMl_3mSnZO5dFGExVEhvqzupY3mhMXSSIndfsWCcIu4/edit?usp=sharing			
ENCSR819EGE	human		snATAC-seq	n/a		gastrocnemius medialis	ENCDO793LXB	healthy	Bing Ren	Yu Fu	Liz Rebboah	Austin	peer review by  Oct 24				
ENCSR244GZL	human		snATAC-seq	n/a		gastrocnemius medialis	ENCDO793LXB	healthy	Bing Ren	Yu Fu	Liz Rebboah	Austin	peer review by  Oct 24	https://docs.google.com/spreadsheets/d/1qMl_3mSnZO5dFGExVEhvqzupY3mhMXSSIndfsWCcIu4/edit?usp=sharing			
ENCSR023FME	human		snATAC-seq	n/a		gastrocnemius medialis	ENCDO271OUW	healthy	Bing Ren	Yu Fu	Liz Rebboah	Austin	peer review by  Oct 24	https://docs.google.com/spreadsheets/d/1qMl_3mSnZO5dFGExVEhvqzupY3mhMXSSIndfsWCcIu4/edit?usp=sharing			
ENCSR215BTH	human		snATAC-seq	n/a		gastroesophageal sphincter	ENCDO793LXB	healthy	Bing Ren	Yu Fu		Austin	peer review by  Oct 24	https://docs.google.com/spreadsheets/d/1qMl_3mSnZO5dFGExVEhvqzupY3mhMXSSIndfsWCcIu4/edit?usp=sharing			
ENCSR868ZEI	human		snATAC-seq	n/a		gastroesophageal sphincter	ENCDO451RUA	healthy	Bing Ren	Yu Fu		Austin	peer review by  Oct 24	https://docs.google.com/spreadsheets/d/1qMl_3mSnZO5dFGExVEhvqzupY3mhMXSSIndfsWCcIu4/edit?usp=sharing			
ENCSR729BRE	mouse 	Parse snRNA	snRNA	n/a	HEART	heart	ENCDO509HIY	healthy	Mortazavi	Liz Rebboah	Meng Wang	Wenpin	Done	https://drive.google.com/file/d/1R0Rr0Y8RDoC4OTjXJpdgdX7PPid-WUhj/view?usp=sharing	https://www.heartcellatlas.org/#DataSources, https://www.ebi.ac.uk/arrayexpress/experiments/E-MTAB-6173/, https://www.ebi.ac.uk/arrayexpress/experiments/E-MTAB-8810/	https://github.com/erebboah/enc4_mouse	
ENCSR266RTS	mouse 	Parse snRNA	snRNA	n/a	HEART	heart	ENCDO509HIY	healthy	Mortazavi	Liz Rebboah	Meng Wang	Wenpin	Done	https://drive.google.com/file/d/1R0Rr0Y8RDoC4OTjXJpdgdX7PPid-WUhj/view?usp=sharing	https://www.heartcellatlas.org/#DataSources, https://www.ebi.ac.uk/arrayexpress/experiments/E-MTAB-6173/, https://www.ebi.ac.uk/arrayexpress/experiments/E-MTAB-8810/	https://github.com/erebboah/enc4_mouse	
ENCSR442NQZ	mouse 	Parse snRNA	snRNA	n/a	HEART	heart	ENCDO509HIY	healthy	Mortazavi	Liz Rebboah	Meng Wang	Wenpin	Done	https://drive.google.com/file/d/1R0Rr0Y8RDoC4OTjXJpdgdX7PPid-WUhj/view?usp=sharing	https://www.heartcellatlas.org/#DataSources, https://www.ebi.ac.uk/arrayexpress/experiments/E-MTAB-6173/, https://www.ebi.ac.uk/arrayexpress/experiments/E-MTAB-8810/	https://github.com/erebboah/enc4_mouse	
ENCSR440PMT	mouse 	Parse snRNA	snRNA	n/a	HEART	heart	ENCDO509HIY	healthy	Mortazavi	Liz Rebboah	Meng Wang	Wenpin	Done	https://drive.google.com/file/d/1R0Rr0Y8RDoC4OTjXJpdgdX7PPid-WUhj/view?usp=sharing	https://www.heartcellatlas.org/#DataSources, https://www.ebi.ac.uk/arrayexpress/experiments/E-MTAB-6173/, https://www.ebi.ac.uk/arrayexpress/experiments/E-MTAB-8810/	https://github.com/erebboah/enc4_mouse	
ENCSR938YKJ	mouse 	Parse snRNA	snRNA	n/a	HEART	heart	ENCDO509HIY	healthy	Mortazavi	Liz Rebboah	Meng Wang	Wenpin	Done	https://drive.google.com/file/d/1R0Rr0Y8RDoC4OTjXJpdgdX7PPid-WUhj/view?usp=sharing	https://www.heartcellatlas.org/#DataSources, https://www.ebi.ac.uk/arrayexpress/experiments/E-MTAB-6173/, https://www.ebi.ac.uk/arrayexpress/experiments/E-MTAB-8810/	https://github.com/erebboah/enc4_mouse	
ENCSR041KFB	mouse 	Parse snRNA	snRNA	n/a	HEART	heart	ENCDO509HIY	healthy	Mortazavi	Liz Rebboah	Meng Wang	Wenpin	Done	https://drive.google.com/file/d/1R0Rr0Y8RDoC4OTjXJpdgdX7PPid-WUhj/view?usp=sharing	https://www.heartcellatlas.org/#DataSources, https://www.ebi.ac.uk/arrayexpress/experiments/E-MTAB-6173/, https://www.ebi.ac.uk/arrayexpress/experiments/E-MTAB-8810/	https://github.com/erebboah/enc4_mouse	
ENCSR906KCJ	mouse 	Parse snRNA	snRNA	n/a	HEART	heart	ENCDO509HIY	healthy	Mortazavi	Liz Rebboah	Meng Wang	Wenpin	Done	https://drive.google.com/file/d/1R0Rr0Y8RDoC4OTjXJpdgdX7PPid-WUhj/view?usp=sharing	https://www.heartcellatlas.org/#DataSources, https://www.ebi.ac.uk/arrayexpress/experiments/E-MTAB-6173/, https://www.ebi.ac.uk/arrayexpress/experiments/E-MTAB-8810/	https://github.com/erebboah/enc4_mouse	
ENCSR764CYB	mouse 	Parse snRNA	snRNA	n/a	HEART	heart	ENCDO509HIY	healthy	Mortazavi	Liz Rebboah	Meng Wang	Wenpin	Done	https://drive.google.com/file/d/1R0Rr0Y8RDoC4OTjXJpdgdX7PPid-WUhj/view?usp=sharing	https://www.heartcellatlas.org/#DataSources, https://www.ebi.ac.uk/arrayexpress/experiments/E-MTAB-6173/, https://www.ebi.ac.uk/arrayexpress/experiments/E-MTAB-8810/	https://github.com/erebboah/enc4_mouse	
ENCSR594LDC	mouse 	Parse snRNA	snRNA	n/a	HEART	heart	ENCDO509HIY	healthy	Mortazavi	Liz Rebboah	Meng Wang	Wenpin	Done	https://drive.google.com/file/d/1R0Rr0Y8RDoC4OTjXJpdgdX7PPid-WUhj/view?usp=sharing	https://www.heartcellatlas.org/#DataSources, https://www.ebi.ac.uk/arrayexpress/experiments/E-MTAB-6173/, https://www.ebi.ac.uk/arrayexpress/experiments/E-MTAB-8810/	https://github.com/erebboah/enc4_mouse	
ENCSR860LQG	mouse 	Parse snRNA	snRNA	n/a	HEART	heart	ENCDO509HIY	healthy	Mortazavi	Liz Rebboah	Meng Wang	Wenpin	Done	https://drive.google.com/file/d/1R0Rr0Y8RDoC4OTjXJpdgdX7PPid-WUhj/view?usp=sharing	https://www.heartcellatlas.org/#DataSources, https://www.ebi.ac.uk/arrayexpress/experiments/E-MTAB-6173/, https://www.ebi.ac.uk/arrayexpress/experiments/E-MTAB-8810/	https://github.com/erebboah/enc4_mouse	
ENCSR303EIR	mouse 	Parse snRNA	snRNA	n/a	HEART	heart	ENCDO509HIY	healthy	Mortazavi	Liz Rebboah	Meng Wang	Wenpin	Done	https://drive.google.com/file/d/1R0Rr0Y8RDoC4OTjXJpdgdX7PPid-WUhj/view?usp=sharing	https://www.heartcellatlas.org/#DataSources, https://www.ebi.ac.uk/arrayexpress/experiments/E-MTAB-6173/, https://www.ebi.ac.uk/arrayexpress/experiments/E-MTAB-8810/	https://github.com/erebboah/enc4_mouse	
ENCSR617CNE	mouse 	Parse snRNA	snRNA	n/a	HEART	heart	ENCDO509HIY	healthy	Mortazavi	Liz Rebboah	Meng Wang	Wenpin	Done	https://drive.google.com/file/d/1R0Rr0Y8RDoC4OTjXJpdgdX7PPid-WUhj/view?usp=sharing	https://www.heartcellatlas.org/#DataSources, https://www.ebi.ac.uk/arrayexpress/experiments/E-MTAB-6173/, https://www.ebi.ac.uk/arrayexpress/experiments/E-MTAB-8810/	https://github.com/erebboah/enc4_mouse	
ENCSR305SPL	mouse 	Parse snRNA	snRNA	n/a	HEART	heart	ENCDO509HIY	healthy	Mortazavi	Liz Rebboah	Meng Wang	Wenpin	Done	https://drive.google.com/file/d/1R0Rr0Y8RDoC4OTjXJpdgdX7PPid-WUhj/view?usp=sharing	https://www.heartcellatlas.org/#DataSources, https://www.ebi.ac.uk/arrayexpress/experiments/E-MTAB-6173/, https://www.ebi.ac.uk/arrayexpress/experiments/E-MTAB-8810/	https://github.com/erebboah/enc4_mouse	
ENCSR147TEP	mouse 	Parse snRNA	snRNA	n/a	HEART	heart	ENCDO509HIY	healthy	Mortazavi	Liz Rebboah	Meng Wang	Wenpin	Done	https://drive.google.com/file/d/1R0Rr0Y8RDoC4OTjXJpdgdX7PPid-WUhj/view?usp=sharing	https://www.heartcellatlas.org/#DataSources, https://www.ebi.ac.uk/arrayexpress/experiments/E-MTAB-6173/, https://www.ebi.ac.uk/arrayexpress/experiments/E-MTAB-8810/	https://github.com/erebboah/enc4_mouse	
ENCSR318ERF 	human	10x multiome	scATAC	ENCSR793DNM	HTLV	heart left ventricle		healthy	Snyder	Meng Wang	Liz Rebboah	Liz Rebboah	Done				
ENCSR131DKN 	human	10x multiome	scATAC	ENCSR568QKW	HTLV	heart left ventricle		healthy	Snyder	Meng Wang	Liz Rebboah	Liz Rebboah	Done				
ENCSR918VTH	human	10x multiome	scATAC	ENCSR245BNT	HTLV	heart left ventricle		healthy	Snyder	Meng Wang	Liz Rebboah	Liz Rebboah	Done				
ENCSR785BSP	human	10x multiome	scATAC	ENCSR508WRP	HTLV	heart left ventricle		healthy	Snyder	Meng Wang	Liz Rebboah	Liz Rebboah	Done				
ENCSR405YKM 	human	10x multiome	snRNA	ENCSR793DNM	HTLV	heart left ventricle		healthy	Snyder	Meng Wang	Liz Rebboah	Liz Rebboah	Done				
ENCSR481QQR	human	10x multiome	snRNA	ENCSR568QKW	HTLV	heart left ventricle		healthy	Snyder	Meng Wang	Liz Rebboah	Liz Rebboah	Done				
ENCSR755CIF	human	10x multiome	snRNA	ENCSR245BNT	HTLV	heart left ventricle		healthy	Snyder	Meng Wang	Liz Rebboah	Liz Rebboah	Done				
ENCSR727OYO 	human	10x multiome	snRNA	ENCSR508WRP	HTLV	heart left ventricle		healthy	Snyder	Meng Wang	Liz Rebboah	Liz Rebboah	Done				
ENCSR704SKG	human		snATAC-seq	n/a		heart left ventricle	ENCDO793LXB	healthy	Bing Ren	Yu Fu		Austin	Done	https://docs.google.com/spreadsheets/d/1qMl_3mSnZO5dFGExVEhvqzupY3mhMXSSIndfsWCcIu4/edit?usp=sharing			
ENCSR538FPK	human		snATAC-seq	n/a		heart left ventricle	ENCDO271OUW	healthy	Bing Ren	Yu Fu		Austin	Done	https://docs.google.com/spreadsheets/d/1qMl_3mSnZO5dFGExVEhvqzupY3mhMXSSIndfsWCcIu4/edit?usp=sharing			
ENCSR668XPI	human	10x multiome	scATAC	ENCSR956ZER	HLVB	heart left ventricle base		diseased	Snyder	Meng Wang	Liz Rebboah	Liz Rebboah	Done				
ENCSR435CGY	human	10x multiome	scATAC	ENCSR265ZRW	HLVB	heart left ventricle base		diseased	Snyder	Meng Wang	Liz Rebboah	Liz Rebboah	Done				
ENCSR084DVM	human	10x multiome	scATAC	ENCSR822CXI	HLVB	heart left ventricle base		diseased	Snyder	Meng Wang	Liz Rebboah	Liz Rebboah	Done				
ENCSR161IHV	human	10x multiome	scATAC	ENCSR573DJW	HLVB	heart left ventricle base		diseased	Snyder	Meng Wang	Liz Rebboah	Liz Rebboah	Done				
ENCSR878VJS	human	10x multiome	scATAC	ENCSR300BCB	HLVB	heart left ventricle base		diseased	Snyder	Meng Wang	Liz Rebboah	Liz Rebboah	Done				
ENCSR657WLS	human	10x multiome	scATAC	ENCSR768WQT	HLVB	heart left ventricle base		diseased	Snyder	Meng Wang	Liz Rebboah	Liz Rebboah	Done				
ENCSR012APQ	human	10x multiome	snRNA	ENCSR956ZER	HLVB	heart left ventricle base		diseased	Snyder	Meng Wang	Liz Rebboah	Liz Rebboah	Done				
ENCSR801DHT	human	10x multiome	snRNA	ENCSR265ZRW	HLVB	heart left ventricle base		diseased	Snyder	Meng Wang	Liz Rebboah	Liz Rebboah	Done				
ENCSR439ZVQ	human	10x multiome	snRNA	ENCSR822CXI	HLVB	heart left ventricle base		diseased	Snyder	Meng Wang	Liz Rebboah	Liz Rebboah	Done				
ENCSR352DXB	human	10x multiome	snRNA	ENCSR573DJW	HLVB	heart left ventricle base		diseased	Snyder	Meng Wang	Liz Rebboah	Liz Rebboah	Done				
ENCSR259VOY	human	10x multiome	snRNA	ENCSR300BCB	HLVB	heart left ventricle base		diseased	Snyder	Meng Wang	Liz Rebboah	Liz Rebboah	Done				
ENCSR751BHQ	human	10x multiome	snRNA	ENCSR768WQT	HLVB	heart left ventricle base		diseased	Snyder	Meng Wang	Liz Rebboah	Liz Rebboah	Done				
ENCSR681OLJ	human	10x multiome	scATAC	ENCSR511RDV	HTRV	heart right ventricle		healthy	Snyder	Meng Wang	Liz Rebboah	Liz Rebboah	Done				
ENCSR588PEE	human	10x multiome	scATAC	ENCSR534YJW	HTRV	heart right ventricle		healthy	Snyder	Meng Wang	Liz Rebboah	Liz Rebboah	Done				
ENCSR169BCG 	human	10x multiome	scATAC	ENCSR079UEO	HTRV	heart right ventricle		healthy	Snyder	Meng Wang	Liz Rebboah	Liz Rebboah	Done				
ENCSR258SZI	human	10x multiome	snRNA	ENCSR511RDV	HTRV	heart right ventricle		healthy	Snyder	Meng Wang	Liz Rebboah	Liz Rebboah	Done				
ENCSR060ZXZ	human	10x multiome	snRNA	ENCSR534YJW	HTRV	heart right ventricle		healthy	Snyder	Meng Wang	Liz Rebboah	Liz Rebboah	Done				
ENCSR426PDU	human	10x multiome	snRNA	ENCSR079UEO	HTRV	heart right ventricle		healthy	Snyder	Meng Wang	Liz Rebboah	Liz Rebboah	Done				
ENCSR079GGS	mouse 	Parse snRNA	snRNA	n/a	HPCP	hippocampus	ENCDO509HIY	healthy	Mortazavi	Liz Rebboah	Fairlie Reese & Narges Rezaie	Zhicheng	Done	https://drive.google.com/file/d/1uMlF9pUVokP89GpsIlejs51aK5RWaASX/view?usp=sharing	https://portal.brain-map.org/atlases-and-data/rnaseq/mouse-whole-cortex-and-hippocampus-10x	https://github.com/erebboah/enc4_mouse	
ENCSR846QIZ	mouse 	Parse snRNA	snRNA	n/a	HPCP	hippocampus	ENCDO509HIY	healthy	Mortazavi	Liz Rebboah	Fairlie Reese & Narges Rezaie	Zhicheng	Done	https://drive.google.com/file/d/1uMlF9pUVokP89GpsIlejs51aK5RWaASX/view?usp=sharing	https://portal.brain-map.org/atlases-and-data/rnaseq/mouse-whole-cortex-and-hippocampus-10x	https://github.com/erebboah/enc4_mouse	
ENCSR483SSM	mouse 	Parse snRNA	snRNA	n/a	HPCP	hippocampus	ENCDO509HIY	healthy	Mortazavi	Liz Rebboah	Fairlie Reese & Narges Rezaie	Zhicheng	Done	https://drive.google.com/file/d/1uMlF9pUVokP89GpsIlejs51aK5RWaASX/view?usp=sharing	https://portal.brain-map.org/atlases-and-data/rnaseq/mouse-whole-cortex-and-hippocampus-10x	https://github.com/erebboah/enc4_mouse	
ENCSR642QUS	mouse 	Parse snRNA	snRNA	n/a	HPCP	hippocampus	ENCDO509HIY	healthy	Mortazavi	Liz Rebboah	Fairlie Reese & Narges Rezaie	Zhicheng	Done	https://drive.google.com/file/d/1uMlF9pUVokP89GpsIlejs51aK5RWaASX/view?usp=sharing	https://portal.brain-map.org/atlases-and-data/rnaseq/mouse-whole-cortex-and-hippocampus-10x	https://github.com/erebboah/enc4_mouse	
ENCSR569LJC	mouse 	Parse snRNA	snRNA	n/a	HPCP	hippocampus	ENCDO509HIY	healthy	Mortazavi	Liz Rebboah	Fairlie Reese & Narges Rezaie	Zhicheng	Done	https://drive.google.com/file/d/1uMlF9pUVokP89GpsIlejs51aK5RWaASX/view?usp=sharing	https://portal.brain-map.org/atlases-and-data/rnaseq/mouse-whole-cortex-and-hippocampus-10x	https://github.com/erebboah/enc4_mouse	
ENCSR399EUZ	mouse 	Parse snRNA	snRNA	n/a	HPCP	hippocampus	ENCDO509HIY	healthy	Mortazavi	Liz Rebboah	Fairlie Reese & Narges Rezaie	Zhicheng	Done	https://drive.google.com/file/d/1uMlF9pUVokP89GpsIlejs51aK5RWaASX/view?usp=sharing	https://portal.brain-map.org/atlases-and-data/rnaseq/mouse-whole-cortex-and-hippocampus-10x	https://github.com/erebboah/enc4_mouse	
ENCSR967YET	mouse 	Parse snRNA	snRNA	n/a	HPCP	hippocampus	ENCDO509HIY	healthy	Mortazavi	Liz Rebboah	Fairlie Reese & Narges Rezaie	Zhicheng	Done	https://drive.google.com/file/d/1uMlF9pUVokP89GpsIlejs51aK5RWaASX/view?usp=sharing	https://portal.brain-map.org/atlases-and-data/rnaseq/mouse-whole-cortex-and-hippocampus-10x	https://github.com/erebboah/enc4_mouse	
ENCSR940VCU	mouse 	Parse snRNA	snRNA	n/a	HPCP	hippocampus	ENCDO509HIY	healthy	Mortazavi	Liz Rebboah	Fairlie Reese & Narges Rezaie	Zhicheng	Done	https://drive.google.com/file/d/1uMlF9pUVokP89GpsIlejs51aK5RWaASX/view?usp=sharing	https://portal.brain-map.org/atlases-and-data/rnaseq/mouse-whole-cortex-and-hippocampus-10x	https://github.com/erebboah/enc4_mouse	
ENCSR203XJO	mouse 	Parse snRNA	snRNA	n/a	HPCP	hippocampus	ENCDO509HIY	healthy	Mortazavi	Liz Rebboah	Fairlie Reese & Narges Rezaie	Zhicheng	Done	https://drive.google.com/file/d/1uMlF9pUVokP89GpsIlejs51aK5RWaASX/view?usp=sharing	https://portal.brain-map.org/atlases-and-data/rnaseq/mouse-whole-cortex-and-hippocampus-10x	https://github.com/erebboah/enc4_mouse	
ENCSR435CMT	mouse 	Parse snRNA	snRNA	n/a	HPCP	hippocampus	ENCDO509HIY	healthy	Mortazavi	Liz Rebboah	Fairlie Reese & Narges Rezaie	Zhicheng	Done	https://drive.google.com/file/d/1uMlF9pUVokP89GpsIlejs51aK5RWaASX/view?usp=sharing	https://portal.brain-map.org/atlases-and-data/rnaseq/mouse-whole-cortex-and-hippocampus-10x	https://github.com/erebboah/enc4_mouse	
ENCSR545URU	mouse 	Parse snRNA	snRNA	n/a	HPCP	hippocampus	ENCDO509HIY	healthy	Mortazavi	Liz Rebboah	Fairlie Reese & Narges Rezaie	Zhicheng	Done	https://drive.google.com/file/d/1uMlF9pUVokP89GpsIlejs51aK5RWaASX/view?usp=sharing	https://portal.brain-map.org/atlases-and-data/rnaseq/mouse-whole-cortex-and-hippocampus-10x	https://github.com/erebboah/enc4_mouse	
ENCSR237BTV	human		snATAC-seq	n/a		Homo sapiens A549 nuclear fraction			Snyder								
ENCSR624OTN	human		snATAC-seq	n/a		Homo sapiens A549 nuclear fraction			Snyder								
ENCSR773HYY	human		snATAC-seq	n/a		Homo sapiens A673 nuclear fraction			Snyder								
ENCSR719QGN	human		snATAC-seq	n/a		Homo sapiens activated B cell male adult (22 years) treated with 0.5 μM CpG ODN for 24 hours: ENCDO383AQS			Snyder								
ENCSR719QGN	human		snATAC-seq	n/a		Homo sapiens activated B cell nuclear fraction male adult (22 years) treated with 0.5 μM CpG ODN for 24 hours			Snyder								
ENCSR675DJV	human		snATAC-seq	n/a		Homo sapiens activated CD4 positive, naive alpha-beta T cell male adult (43 years) treated with anti-CD3 and anti-CD28 coated beads: ENCDO791UJG			Snyder								
ENCSR287GYJ	human		snATAC-seq	n/a		Homo sapiens activated CD4-positive, alpha-beta memory T cell male adult (43 years) treated with anti-CD3 and anti-CD28 coated beads: ENCDO791UJG			Snyder								
ENCSR287GYJ	human		snATAC-seq	n/a		Homo sapiens activated CD4-positive, alpha-beta memory T cell nuclear fraction male adult (43 years) treated with anti-CD3 and anti-CD28 coated beads			Snyder								
ENCSR628NXO	human		snATAC-seq	n/a		Homo sapiens activated CD4-positive, alpha-beta T cell male adult (20 years) treated with anti-CD3 and anti-CD28 coated beads: ENCDO394DKX			Snyder								
ENCSR597YWW	human		snATAC-seq	n/a		Homo sapiens activated CD4-positive, alpha-beta T cell male adult (35 years) treated with anti-CD3 and anti-CD28 coated beads: ENCDO374BBL			Snyder								
ENCSR628NXO	human		snATAC-seq	n/a		Homo sapiens activated CD4-positive, alpha-beta T cell nuclear fraction male adult (20 years) treated with anti-CD3 and anti-CD28 coated beads			Snyder								
ENCSR597YWW	human		snATAC-seq	n/a		Homo sapiens activated CD4-positive, alpha-beta T cell nuclear fraction male adult (35 years) treated with anti-CD3 and anti-CD28 coated beads			Snyder								
ENCSR154JHG	human		snATAC-seq	n/a		Homo sapiens activated CD8-positive, alpha-beta T cell male adult (21 years) treated with anti-CD3 and anti-CD28 coated beads: ENCDO781BMZ			Snyder								
ENCSR154JHG	human		snATAC-seq	n/a		Homo sapiens activated CD8-positive, alpha-beta T cell nuclear fraction male adult (21 years) treated with anti-CD3 and anti-CD28 coated beads			Snyder								
ENCSR675DJV	human		snATAC-seq	n/a		Homo sapiens activated naive CD4-positive, alpha-beta T cell nuclear fraction male adult (43 years) treated with anti-CD3 and anti-CD28 coated beads			Snyder								
ENCSR759OSE	human		snATAC-seq	n/a		Homo sapiens activated T-helper 1 cell male adult (35 years) treated with 1 μg/mL Interleukin-4 antibody , 30 ng/mL Interleukin-12 subunit alpha , 30 ng/mL Interleukin-12 subunit beta , anti-CD3 and anti-CD28 coated beads: ENCDO374BBL			Snyder								
ENCSR759OSE	human		snATAC-seq	n/a		Homo sapiens activated T-helper 1 cell nuclear fraction male adult (35 years) treated with 1 μg/mL Interleukin-4 antibody, 30 ng/mL Interleukin-12 subunit alpha, 30 ng/mL Interleukin-12 subunit beta, anti-CD3 and anti-CD28 coated beads			Snyder								
ENCSR704RYV	human		snATAC-seq	n/a		Homo sapiens activated T-helper 2 cell male adult (35 years) treated with 5 μg/mL Interferon-gamma antibody , 100 ng/mL Interleukin-4 , anti-CD3 and anti-CD28 coated beads: ENCDO374BBL			Snyder								
ENCSR704RYV	human		snATAC-seq	n/a		Homo sapiens activated T-helper 2 cell nuclear fraction male adult (35 years) treated with 5 μg/mL Interferon-gamma antibody, 100 ng/mL Interleukin-4, anti-CD3 and anti-CD28 coated beads			Snyder								
ENCSR986YGY	human		snATAC-seq	n/a		Homo sapiens astrocyte nuclear fraction			Snyder								
ENCSR177OXQ	human		snATAC-seq	n/a		Homo sapiens B cell male adult (22 years): ENCDO383AQS			Snyder								
ENCSR177OXQ	human		snATAC-seq	n/a		Homo sapiens B cell nuclear fraction male adult (22 years)			Snyder								
ENCSR908RCU	human		snATAC-seq	n/a		Homo sapiens Caco-2 nuclear fraction			Snyder								
ENCSR443NJZ	human		snATAC-seq	n/a		Homo sapiens Calu3 nuclear fraction			Snyder								
ENCSR410OWB	human		snATAC-seq	n/a		Homo sapiens CD14-positive monocyte male adult (30 years): ENCDO544CHQ			Snyder								
ENCSR410OWB	human		snATAC-seq	n/a		Homo sapiens CD14-positive monocyte nuclear fraction male adult (30 years)			Snyder								
ENCSR009WQK	human		snATAC-seq	n/a		Homo sapiens CD14-positive monocyte nuclear fraction male adult (51 years)			Snyder								
ENCSR737VYM	human		snATAC-seq	n/a		Homo sapiens CD4-positive, alpha-beta memory T cell male adult (43 years): ENCDO791UJG			Snyder								
ENCSR737VYM	human		snATAC-seq	n/a		Homo sapiens CD4-positive, alpha-beta memory T cell nuclear fraction male adult (43 years)			Snyder								
ENCSR102QKY	human		snATAC-seq	n/a		Homo sapiens CD4-positive, alpha-beta T cell male adult (20 years): ENCDO394DKX			Snyder								
ENCSR102QKY	human		snATAC-seq	n/a		Homo sapiens CD4-positive, alpha-beta T cell nuclear fraction male adult (20 years)			Snyder								
ENCSR493QJO	human		snATAC-seq	n/a		Homo sapiens CD8-positive, alpha-beta memory T cell male adult (30 years): ENCDO166AGR			Snyder								
ENCSR493QJO	human		snATAC-seq	n/a		Homo sapiens CD8-positive, alpha-beta memory T cell nuclear fraction male adult (30 years)			Snyder								
ENCSR438DII	human		snATAC-seq	n/a		Homo sapiens CD8-positive, alpha-beta T cell male adult (21 years): ENCDO781BMZ			Snyder								
ENCSR438DII	human		snATAC-seq	n/a		Homo sapiens CD8-positive, alpha-beta T cell nuclear fraction male adult (21 years)			Snyder								
ENCSR575LID	human		snATAC-seq	n/a		Homo sapiens chondrocyte nuclear fraction			Snyder								
ENCSR507ZEN	human		snATAC-seq	n/a		Homo sapiens dendritic cell nuclear fraction male adult (51 years) treated with 50 ng/mL granulocyte-macrophage colony-stimulating factor for 4 days, 40 ng/mL Interleukin-4 for 4 days			Snyder								
ENCSR470TKG	human		snATAC-seq	n/a		Homo sapiens endodermal cell nuclear fraction			Snyder								
ENCSR516MHK	human		snATAC-seq	n/a		Homo sapiens endothelial cell of umbilical vein nuclear fraction newborn			Snyder								
ENCSR811QVW	human		snATAC-seq	n/a		Homo sapiens excitatory neuron nuclear fraction			Snyder								
ENCSR680NPV	human		snATAC-seq	n/a		Homo sapiens GM12878 nuclear fraction			Snyder								
ENCSR371ZNU	human		snATAC-seq	n/a		Homo sapiens GM12878 nuclear fraction			Snyder								
ENCSR635OKA	human		snATAC-seq	n/a		Homo sapiens GM12878 nuclear fraction			Snyder								
ENCSR446QJT	human		snATAC-seq	n/a		Homo sapiens GM23338 nuclear fraction			Snyder								
ENCSR290IUT	human		snATAC-seq	n/a		Homo sapiens GM23338 nuclear fraction			Snyder								
ENCSR737MVK	human		snATAC-seq	n/a		Homo sapiens H9 nuclear fraction			Snyder								
ENCSR076QTT	human		snATAC-seq	n/a		Homo sapiens HCT116			Snyder								
ENCSR840IWM	human		snATAC-seq	n/a		Homo sapiens HCT116			Snyder								
ENCSR672VKC	human		snATAC-seq	n/a		Homo sapiens HCT116			Snyder								
ENCSR587XSM	human		snATAC-seq	n/a		Homo sapiens HCT116			Snyder								
ENCSR694GIR	human		snATAC-seq	n/a		Homo sapiens HCT116			Snyder								
ENCSR270OJH	human		snATAC-seq	n/a		Homo sapiens HCT116			Snyder								
ENCSR058GOM	human		snATAC-seq	n/a		Homo sapiens HCT116 nuclear fraction			Snyder								
ENCSR398OHC	human		snATAC-seq	n/a		Homo sapiens HepG2 nuclear fraction			Snyder								
ENCSR967HFR	human		snATAC-seq	n/a		Homo sapiens HepG2 nuclear fraction			Snyder								
ENCSR198TTU	human		snATAC-seq	n/a		Homo sapiens HepG2 nuclear fraction			Snyder								
ENCSR778RZT	human		snATAC-seq	n/a		Homo sapiens IMR-90 nuclear fraction			Snyder								
ENCSR217VXJ	human		snATAC-seq	n/a		Homo sapiens K562 nuclear fraction			Snyder								
ENCSR332SXG	human		snATAC-seq	n/a		Homo sapiens K562 nuclear fraction			Snyder								
ENCSR308ZGJ	human		snATAC-seq	n/a		Homo sapiens K562 nuclear fraction			Snyder								
ENCSR037XNN	human		snATAC-seq	n/a		Homo sapiens MCF 10A nuclear fraction			Snyder								
ENCSR176EJL	human		snATAC-seq	n/a		Homo sapiens MCF-7 nuclear fraction			Snyder								
ENCSR754TFT	human		snATAC-seq	n/a		Homo sapiens MCF-7 nuclear fraction			Snyder								
ENCSR341TTX	human		snATAC-seq	n/a		Homo sapiens MCF-7 nuclear fraction			Snyder								
ENCSR231GXD	human		snATAC-seq	n/a		Homo sapiens mesothelial cell of epicardium nuclear fraction			Snyder								
ENCSR207HVA	human		snATAC-seq	n/a		Homo sapiens naive thymus-derived CD4-positive, alpha-beta T cell male adult (35 years): ENCDO374BBL			Snyder								
ENCSR278XIZ	human		snATAC-seq	n/a		Homo sapiens naive thymus-derived CD4-positive, alpha-beta T cell male adult (43 years): ENCDO791UJG			Snyder								
ENCSR207HVA	human		snATAC-seq	n/a		Homo sapiens naive thymus-derived CD4-positive, alpha-beta T cell nuclear fraction male adult (35 years)			Snyder								
ENCSR278XIZ	human		snATAC-seq	n/a		Homo sapiens naive thymus-derived CD4-positive, alpha-beta T cell nuclear fraction male adult (43 years)			Snyder								
ENCSR242VMQ	human		snATAC-seq	n/a		Homo sapiens naive thymus-derived CD8-positive, alpha-beta T cell male adult (30 years): ENCDO166AGR			Snyder								
ENCSR242VMQ	human		snATAC-seq	n/a		Homo sapiens naive thymus-derived CD8-positive, alpha-beta T cell nuclear fraction male adult (30 years)			Snyder								
ENCSR710NDM	human		snATAC-seq	n/a		Homo sapiens natural killer cell male adult (33 years): ENCDO195VEA			Snyder								
ENCSR710NDM	human		snATAC-seq	n/a		Homo sapiens natural killer cell nuclear fraction male adult (33 years)			Snyder								
ENCSR740EIL	human		snATAC-seq	n/a		Homo sapiens neural crest cell nuclear fraction			Snyder								
ENCSR314WGW	human		snATAC-seq	n/a		Homo sapiens OCI-LY7 nuclear fraction			Snyder								
ENCSR146VJA	human		snATAC-seq	n/a		Homo sapiens osteocyte nuclear fraction			Snyder								
ENCSR974TUB	human		snATAC-seq	n/a		Homo sapiens Panc1 nuclear fraction			Snyder								
ENCSR756HYX	human		snATAC-seq	n/a		Homo sapiens PC-3 nuclear fraction			Snyder								
ENCSR338KBR	human		snATAC-seq	n/a		Homo sapiens PC-9 nuclear fraction			Snyder								
ENCSR413MCQ	human		snATAC-seq	n/a		Homo sapiens progenitor cell of endocrine pancreas nuclear fraction			Snyder								
ENCSR615PXV	human		snATAC-seq	n/a		Homo sapiens SK-N-SH nuclear fraction treated with 6 μM all-trans-retinoic acid for 48 hours			Snyder								
ENCSR095KCD	human		snATAC-seq	n/a		Homo sapiens SK-N-SH nuclear fraction treated with 6 μM all-trans-retinoic acid for 48 hours			Snyder								
ENCSR161GPE	human		snATAC-seq	n/a		Homo sapiens SK-N-SH nuclear fraction treated with 6 μM all-trans-retinoic acid for 48 hours			Snyder								
ENCSR989MQQ	human		snATAC-seq	n/a		Homo sapiens SK-N-SH nuclear fraction treated with 6 μM all-trans-retinoic acid for 48 hours			Snyder								
ENCSR810IIV	human		snATAC-seq	n/a		Homo sapiens stimulated activated CD4-positive, alpha-beta memory T cell male adult (43 years) treated with 10 ng/mL Interleukin-2 , anti-CD3 and anti-CD28 coated beads: ENCDO791UJG			Snyder								
ENCSR810IIV	human		snATAC-seq	n/a		Homo sapiens stimulated activated CD4-positive, alpha-beta memory T cell nuclear fraction male adult (43 years) treated with anti-CD3 and anti-CD28 coated beads, 10 ng/mL Interleukin-2			Snyder								
ENCSR569ZMI	human		snATAC-seq	n/a		Homo sapiens stimulated activated CD4-positive, alpha-beta T cell male adult (20 years) treated with 10 ng/mL Interleukin-2 , anti-CD3 and anti-CD28 coated beads: ENCDO394DKX			Snyder								
ENCSR569ZMI	human		snATAC-seq	n/a		Homo sapiens stimulated activated CD4-positive, alpha-beta T cell nuclear fraction male adult (20 years) treated with anti-CD3 and anti-CD28 coated beads, 10 ng/mL Interleukin-2			Snyder								
ENCSR196EOO	human		snATAC-seq	n/a		Homo sapiens stimulated activated CD8-positive, alpha-beta memory T cell male adult (30 years) treated with 10 ng/mL Interleukin-2 , anti-CD3 and anti-CD28 coated beads: ENCDO166AGR			Snyder								
ENCSR196EOO	human		snATAC-seq	n/a		Homo sapiens stimulated activated CD8-positive, alpha-beta memory T cell nuclear fraction male adult (30 years) treated with anti-CD3 and anti-CD28 coated beads, 10 ng/mL Interleukin-2			Snyder								
ENCSR472HFJ	human		snATAC-seq	n/a		Homo sapiens stimulated activated CD8-positive, alpha-beta T cell male adult (21 years) treated with 10 ng/mL Interleukin-2 , anti-CD3 and anti-CD28 coated beads: ENCDO781BMZ			Snyder								
ENCSR472HFJ	human		snATAC-seq	n/a		Homo sapiens stimulated activated CD8-positive, alpha-beta T cell nuclear fraction male adult (21 years) treated with anti-CD3 and anti-CD28 coated beads, 10 ng/mL Interleukin-2			Snyder								
ENCSR600UDB	human		snATAC-seq	n/a		Homo sapiens stimulated activated naive CD4-positive, alpha-beta T cell male adult (43 years) treated with 10 ng/mL Interleukin-2 , anti-CD3 and anti-CD28 coated beads: ENCDO791UJG			Snyder								
ENCSR600UDB	human		snATAC-seq	n/a		Homo sapiens stimulated activated naive CD4-positive, alpha-beta T cell nuclear fraction male adult (43 years) treated with anti-CD3 and anti-CD28 coated beads, 10 ng/mL Interleukin-2			Snyder								
ENCSR110IID	human		snATAC-seq	n/a		Homo sapiens stimulated activated naive CD8-positive, alpha-beta T cell male adult (30 years) treated with anti-CD3 and anti-CD28 coated beads, 10 ng/mL Interleukin-2: ENCDO166AGR			Snyder								
ENCSR110IID	human		snATAC-seq	n/a		Homo sapiens stimulated activated naive CD8-positive, alpha-beta T cell nuclear fraction male adult (30 years) treated with anti-CD3 and anti-CD28 coated beads, 10 ng/mL Interleukin-2			Snyder								
ENCSR251LFB	human		snATAC-seq	n/a		Homo sapiens T-helper 1 cell male adult (35 years) treated with 1 μg/mL Interleukin-4 antibody , 30 ng/mL Interleukin-12 subunit alpha , 30 ng/mL Interleukin-12 subunit beta: ENCDO374BBL			Snyder								
ENCSR251LFB	human		snATAC-seq	n/a		Homo sapiens T-helper 1 cell nuclear fraction male adult (35 years) treated with 1 μg/mL Interleukin-4 antibody, 30 ng/mL Interleukin-12 subunit alpha, 30 ng/mL Interleukin-12 subunit beta			Snyder								
ENCSR932LAJ	human		snATAC-seq	n/a		Homo sapiens T-helper 2 cell male adult (35 years) treated with 5 μg/mL Interferon-gamma antibody , 100 ng/mL Interleukin-4: ENCDO374BBL			Snyder								
ENCSR932LAJ	human		snATAC-seq	n/a		Homo sapiens T-helper 2 cell nuclear fraction male adult (35 years) treated with 5 μg/mL Interferon-gamma antibody, 100 ng/mL Interleukin-4			Snyder								
ENCSR811SRE	human		snATAC-seq	n/a		Homo sapiens type B pancreatic cell nuclear fraction			Snyder								
ENCSR643EOZ	human	10x scATAC	scATAC	n/a	KDNY	kidney		healthy	Snyder	Eyal		Austin	Need to reassign				
ENCSR548HED	human	10x snRNA	snRNA	n/a	KDNY	kidney		healthy	Snyder	Eyal		Austin	Need to reassign				
ENCSR830FPR	human	10x multiome	scATAC	ENCSR925IHI	COLL	left colon		healthy	Snyder	Winston		Meng	Done				
ENCSR289ANH	human	10x multiome	snRNA	ENCSR925IHI	COLL	left colon		healthy	Snyder	Winston		Meng	Done				
ENCSR916RYB	human	10x scATAC	scATAC	n/a	COLL	left colon		healthy	Snyder	Winston		Meng	Done				
ENCSR587SPO	human	10x snRNA	snRNA	n/a	COLL	left colon		healthy	Snyder	Winston		Meng	Done				
ENCSR490RCS	mouse 	Parse snRNA	snRNA	n/a	CRTX	left cortex	ENCDO509HIY	healthy	Mortazavi	Liz Rebboah	Fairlie Reese & Narges Rezaie	Zhicheng	Done	https://drive.google.com/file/d/1m1lT8NvCSPHdlicFTtI1Dsv5rboxh7g7/view?usp=sharing	https://portal.brain-map.org/atlases-and-data/rnaseq/mouse-whole-cortex-and-hippocampus-10x	https://github.com/erebboah/enc4_mouse	
ENCSR037LFG	mouse 	Parse snRNA	snRNA	n/a	CRTX	left cortex	ENCDO509HIY	healthy	Mortazavi	Liz Rebboah	Fairlie Reese & Narges Rezaie	Zhicheng	Done	https://drive.google.com/file/d/1m1lT8NvCSPHdlicFTtI1Dsv5rboxh7g7/view?usp=sharing	https://portal.brain-map.org/atlases-and-data/rnaseq/mouse-whole-cortex-and-hippocampus-10x	https://github.com/erebboah/enc4_mouse	
ENCSR827AOS	mouse 	Parse snRNA	snRNA	n/a	CRTX	left cortex	ENCDO509HIY	healthy	Mortazavi	Liz Rebboah	Fairlie Reese & Narges Rezaie	Zhicheng	Done	https://drive.google.com/file/d/1m1lT8NvCSPHdlicFTtI1Dsv5rboxh7g7/view?usp=sharing	https://portal.brain-map.org/atlases-and-data/rnaseq/mouse-whole-cortex-and-hippocampus-10x	https://github.com/erebboah/enc4_mouse	
ENCSR527LIA	mouse 	Parse snRNA	snRNA	n/a	CRTX	left cortex	ENCDO509HIY	healthy	Mortazavi	Liz Rebboah	Fairlie Reese & Narges Rezaie	Zhicheng	Done	https://drive.google.com/file/d/1m1lT8NvCSPHdlicFTtI1Dsv5rboxh7g7/view?usp=sharing	https://portal.brain-map.org/atlases-and-data/rnaseq/mouse-whole-cortex-and-hippocampus-10x	https://github.com/erebboah/enc4_mouse	
ENCSR084RQP	mouse 	Parse snRNA	snRNA	n/a	CRTX	left cortex	ENCDO509HIY	healthy	Mortazavi	Liz Rebboah	Fairlie Reese & Narges Rezaie	Zhicheng	Done	https://drive.google.com/file/d/1m1lT8NvCSPHdlicFTtI1Dsv5rboxh7g7/view?usp=sharing	https://portal.brain-map.org/atlases-and-data/rnaseq/mouse-whole-cortex-and-hippocampus-10x	https://github.com/erebboah/enc4_mouse	
ENCSR118FCJ	mouse 	Parse snRNA	snRNA	n/a	CRTX	left cortex	ENCDO509HIY	healthy	Mortazavi	Liz Rebboah	Fairlie Reese & Narges Rezaie	Zhicheng	Done	https://drive.google.com/file/d/1m1lT8NvCSPHdlicFTtI1Dsv5rboxh7g7/view?usp=sharing	https://portal.brain-map.org/atlases-and-data/rnaseq/mouse-whole-cortex-and-hippocampus-10x	https://github.com/erebboah/enc4_mouse	
ENCSR611QJH	mouse 	Parse snRNA	snRNA	n/a	CRTX	left cortex	ENCDO509HIY	healthy	Mortazavi	Liz Rebboah	Fairlie Reese & Narges Rezaie	Zhicheng	Done	https://drive.google.com/file/d/1m1lT8NvCSPHdlicFTtI1Dsv5rboxh7g7/view?usp=sharing	https://portal.brain-map.org/atlases-and-data/rnaseq/mouse-whole-cortex-and-hippocampus-10x	https://github.com/erebboah/enc4_mouse	
ENCSR248MFG	mouse 	Parse snRNA	snRNA	n/a	CRTX	left cortex	ENCDO509HIY	healthy	Mortazavi	Liz Rebboah	Fairlie Reese & Narges Rezaie	Zhicheng	Done	https://drive.google.com/file/d/1m1lT8NvCSPHdlicFTtI1Dsv5rboxh7g7/view?usp=sharing	https://portal.brain-map.org/atlases-and-data/rnaseq/mouse-whole-cortex-and-hippocampus-10x	https://github.com/erebboah/enc4_mouse	
ENCSR450IJU	mouse 	Parse snRNA	snRNA	n/a	CRTX	left cortex	ENCDO509HIY	healthy	Mortazavi	Liz Rebboah	Fairlie Reese & Narges Rezaie	Zhicheng	Done	https://drive.google.com/file/d/1m1lT8NvCSPHdlicFTtI1Dsv5rboxh7g7/view?usp=sharing	https://portal.brain-map.org/atlases-and-data/rnaseq/mouse-whole-cortex-and-hippocampus-10x	https://github.com/erebboah/enc4_mouse	
ENCSR254SLA	mouse 	Parse snRNA	snRNA	n/a	CRTX	left cortex	ENCDO509HIY	healthy	Mortazavi	Liz Rebboah	Fairlie Reese & Narges Rezaie	Zhicheng	Done	https://drive.google.com/file/d/1m1lT8NvCSPHdlicFTtI1Dsv5rboxh7g7/view?usp=sharing	https://portal.brain-map.org/atlases-and-data/rnaseq/mouse-whole-cortex-and-hippocampus-10x	https://github.com/erebboah/enc4_mouse	
ENCSR839BHY	mouse 	Parse snRNA	snRNA	n/a	CRTX	left cortex	ENCDO509HIY	healthy	Mortazavi	Liz Rebboah	Fairlie Reese & Narges Rezaie	Zhicheng	Done	https://drive.google.com/file/d/1m1lT8NvCSPHdlicFTtI1Dsv5rboxh7g7/view?usp=sharing	https://portal.brain-map.org/atlases-and-data/rnaseq/mouse-whole-cortex-and-hippocampus-10x	https://github.com/erebboah/enc4_mouse	
ENCSR793HMA	mouse 	Parse snRNA	snRNA	n/a	CRTX	left cortex	ENCDO509HIY	healthy	Mortazavi	Liz Rebboah	Fairlie Reese & Narges Rezaie	Zhicheng	Done	https://drive.google.com/file/d/1m1lT8NvCSPHdlicFTtI1Dsv5rboxh7g7/view?usp=sharing	https://portal.brain-map.org/atlases-and-data/rnaseq/mouse-whole-cortex-and-hippocampus-10x	https://github.com/erebboah/enc4_mouse	
ENCSR308DHB	mouse 	Parse snRNA	snRNA	n/a	CRTX	left cortex	ENCDO509HIY	healthy	Mortazavi	Liz Rebboah	Fairlie Reese & Narges Rezaie	Zhicheng	Done	https://drive.google.com/file/d/1m1lT8NvCSPHdlicFTtI1Dsv5rboxh7g7/view?usp=sharing	https://portal.brain-map.org/atlases-and-data/rnaseq/mouse-whole-cortex-and-hippocampus-10x	https://github.com/erebboah/enc4_mouse	
ENCSR883XZK	mouse 	Parse snRNA	snRNA	n/a	CRTX	left cortex	ENCDO509HIY	healthy	Mortazavi	Liz Rebboah	Fairlie Reese & Narges Rezaie	Zhicheng	Done	https://drive.google.com/file/d/1m1lT8NvCSPHdlicFTtI1Dsv5rboxh7g7/view?usp=sharing	https://portal.brain-map.org/atlases-and-data/rnaseq/mouse-whole-cortex-and-hippocampus-10x	https://github.com/erebboah/enc4_mouse	
ENCSR139ATR	human	10x multiome	scATAC	ENCSR618WVK	LLLV	left lobe of liver		healthy	Snyder	Austin Wang		Narges	Done				
ENCSR369UFT 	human	10x multiome	snRNA	ENCSR618WVK	LLLV	left lobe of liver		healthy	Snyder	Austin Wang		Narges	Done				
ENCSR425CZQ 	human	10x multiome	scATAC	ENCSR987VTJ	LVMS	left ventricle myocardium superior		healthy	Snyder	Meng Wang	Liz Rebboah	Liz Rebboah	Annotations by Oct 31				
ENCSR079LVG 	human	10x multiome	snRNA	ENCSR987VTJ	LVMS	left ventricle myocardium superior		healthy	Snyder	Meng Wang	Liz Rebboah	Liz Rebboah	Annotations by Oct 31				
ENCSR630YEA	human	10x multiome	scATAC	ENCSR788DZO	LVRL	liver right lobe 		healthy	Snyder	Austin Wang		Narges	Done				
ENCSR367YUX	human	10x multiome	snRNA	ENCSR788DZO	LVRL	liver right lobe 		healthy	Snyder	Austin Wang		Narges	Done				
ENCSR568XID	human	10x scATAC	scATAC	n/a	LVRL	liver right lobe 		healthy	Snyder	Austin Wang		Narges	Done				
ENCSR112UBQ	human	10x scATAC	scATAC	n/a	LVRL	liver right lobe 		healthy	Snyder	Austin Wang		Narges	Done				
ENCSR364FHN	human	10x scATAC	scATAC	n/a	LVRL	liver right lobe 		healthy	Snyder	Austin Wang		Narges	Done				
ENCSR398PIW	human	10x snRNA	snRNA	n/a	LVRL	liver right lobe 		healthy	Snyder	Austin Wang		Narges	Done				
ENCSR261LPM	human	10x snRNA	snRNA	n/a	LVRL	liver right lobe 		healthy	Snyder	Austin Wang		Narges	Done				
ENCSR484YSK	human	10x snRNA	snRNA	n/a	LVRL	liver right lobe 		healthy	Snyder	Austin Wang		Narges	Done				
ENCSR733SZL	human		snATAC-seq	n/a		lower leg skin	ENCDO451RUA	healthy	Bing Ren	Yu Fu		Austin	peer review by  Oct 24	https://docs.google.com/spreadsheets/d/1qMl_3mSnZO5dFGExVEhvqzupY3mhMXSSIndfsWCcIu4/edit?usp=sharing			
ENCSR474TGL	human		snATAC-seq	n/a		lower leg skin	ENCDO271OUW	healthy	Bing Ren	Yu Fu		Austin	peer review by  Oct 24	https://docs.google.com/spreadsheets/d/1qMl_3mSnZO5dFGExVEhvqzupY3mhMXSSIndfsWCcIu4/edit?usp=sharing			
ENCSR397ODX	human		snATAC-seq	n/a		lower leg skin	ENCDO845WKR	healthy	Bing Ren	Yu Fu		Austin	peer review by  Oct 24	https://docs.google.com/spreadsheets/d/1qMl_3mSnZO5dFGExVEhvqzupY3mhMXSSIndfsWCcIu4/edit?usp=sharing			
ENCSR513HZN	human		snATAC-seq	n/a		lower leg skin	ENCDO793LXB	healthy	Bing Ren	Yu Fu		Austin	peer review by  Oct 24	https://docs.google.com/spreadsheets/d/1qMl_3mSnZO5dFGExVEhvqzupY3mhMXSSIndfsWCcIu4/edit?usp=sharing			
ENCSR391BWM	human	10x multiome	scATAC	ENCSR808RAT	LLLL	lower lobe of left lung		healthy	Snyder	Ben Doughty	Sam Kim	Surag	Uploaded to  synapse				
ENCSR753YPW	human	10x multiome	snRNA	ENCSR808RAT	LLLL	lower lobe of left lung		healthy	Snyder	Ben Doughty	Sam Kim	Surag	Uploaded to  synapse				
ENCSR799NRE	human	10x scATAC	scATAC	n/a	LLLL	lower lobe of left lung		healthy	Snyder	Ben Doughty	Sam Kim?	Surag	check with Sam				
ENCSR683ONV	human	10x snRNA	snRNA	n/a	LLLL	lower lobe of left lung		healthy	Snyder	Ben Doughty	Sam Kim?	Surag	check with Sam				
ENCSR830CXR	human	10x scATAC	scATAC	n/a	LLRL	lower lobe of right lung		healthy	Snyder	Ben Doughty	Sam Kim?	Surag	check with Sam				
ENCSR671FDY	human	10x snRNA	snRNA	n/a	LLRL	lower lobe of right lung		healthy	Snyder	Ben Doughty	Sam Kim?	Surag	check with Sam				
ENCSR816NWE	human	10x multiome	scATAC	ENCSR264JIX	LNGL	lung		healthy	Snyder	Ben Doughty	Sam Kim	Surag	Uploaded to  synapse				
ENCSR083HFN	human	10x multiome	scATAC	ENCSR128ZLB	LUNG	lung		healthy	Snyder	Ben Doughty	Sam Kim	Surag	Uploaded to  synapse				
ENCSR966DDY	human	10x multiome	snRNA	ENCSR264JIX	LNGL	lung		healthy	Snyder	Ben Doughty	Sam Kim	Surag	Uploaded to  synapse				
ENCSR225OII	human	10x multiome	snRNA	ENCSR128ZLB	LUNG	lung		healthy	Snyder	Ben Doughty	Sam Kim	Surag	Uploaded to  synapse				
ENCSR922FEK	human	10x multiome	scATAC	ENCSR636WIB	MODC	mucosa of decending colon		healthy	Snyder	Winston		Meng	Done				
ENCSR181TLD	human	10x scATAC	scATAC	n/a	MODC	mucosa of decending colon		healthy	Snyder	Winston		Meng	Done				
ENCSR384AYS	human	10x scATAC	scATAC	n/a	MODC	mucosa of decending colon		healthy	Snyder	Winston		Meng	Done				
ENCSR707LLI	human	10x snRNA	snRNA	n/a	MODC	mucosa of decending colon		healthy	Snyder	Winston		Meng	Done				
ENCSR028MBY	human	10x snRNA	snRNA	n/a	MODC	mucosa of decending colon		healthy	Snyder	Winston		Meng	Done				
ENCSR460MGC	human	10x multiome	snRNA	ENCSR636WIB	MODC	mucosa of deending colon		healthy	Snyder	Winston		Meng	Done				
ENCSR908HQW	human	10x scATAC	scATAC	n/a	MOGB	mucosa of gallbladder		healthy	Snyder				need to assign				
ENCSR201WJO	human	10x snRNA	snRNA	n/a	MOGB	mucosa of gallbladder		healthy	Snyder				need to assign				
ENCSR644SCP	human		snATAC-seq	n/a		omental fat pad	ENCDO845WKR	healthy	Bing Ren	Yu Fu		Austin	peer review by  Oct 24	https://docs.google.com/spreadsheets/d/1qMl_3mSnZO5dFGExVEhvqzupY3mhMXSSIndfsWCcIu4/edit?usp=sharing			
ENCSR274HQD	human		snATAC-seq	n/a		omental fat pad	ENCDO793LXB	healthy	Bing Ren	Yu Fu		Austin	peer review by  Oct 24	https://docs.google.com/spreadsheets/d/1qMl_3mSnZO5dFGExVEhvqzupY3mhMXSSIndfsWCcIu4/edit?usp=sharing			
ENCSR492GGN	human		snATAC-seq	n/a		omental fat pad	ENCDO451RUA	healthy	Bing Ren	Yu Fu		Austin	peer review by  Oct 24	https://docs.google.com/spreadsheets/d/1qMl_3mSnZO5dFGExVEhvqzupY3mhMXSSIndfsWCcIu4/edit?usp=sharing			
ENCSR181XXQ	human		snATAC-seq	n/a		omental fat pad	ENCDO271OUW	healthy	Bing Ren	Yu Fu		Austin	peer review by  Oct 24	https://docs.google.com/spreadsheets/d/1qMl_3mSnZO5dFGExVEhvqzupY3mhMXSSIndfsWCcIu4/edit?usp=sharing			
ENCSR197GLE	human	10x multiome	scATAC	ENCSR222ZFD	OVRY	ovary		healthy	Snyder	Liz Rebboah		Ben D	Done			https://github.com/ENCODE-AWG/enc4_human/	
ENCSR105VKN	human	10x multiome	scATAC	ENCSR975IXL	OVRY	ovary		healthy	Snyder	Liz Rebboah		Ben D	Done			https://github.com/ENCODE-AWG/enc4_human/	
ENCSR305VES	human	10x multiome	scATAC	ENCSR909EGE	OVRY	ovary		healthy	Snyder	Liz Rebboah		Ben D	Done			https://github.com/ENCODE-AWG/enc4_human/	
ENCSR322LEY	human	10x multiome	scATAC	ENCSR727WGO	OVRY	ovary		healthy	Snyder	Liz Rebboah		Ben D	Done			https://github.com/ENCODE-AWG/enc4_human/	
ENCSR533CSY	human	10x multiome	scATAC	ENCSR823KSL	OVRY	ovary		healthy	Snyder	Liz Rebboah		Ben D	Done			https://github.com/ENCODE-AWG/enc4_human/	
ENCSR938CZJ	human	10x multiome	snRNA	ENCSR222ZFD	OVRY	ovary		healthy	Snyder	Liz Rebboah		Ben D	Done		https://doi.org/10.1016/j.cell.2020.01.009	https://github.com/ENCODE-AWG/enc4_human/	
ENCSR298MPV	human	10x multiome	snRNA	ENCSR975IXL	OVRY	ovary		healthy	Snyder	Liz Rebboah		Ben D	Done		https://doi.org/10.1016/j.cell.2020.01.009	https://github.com/ENCODE-AWG/enc4_human/	
ENCSR362HUP	human	10x multiome	snRNA	ENCSR909EGE	OVRY	ovary		healthy	Snyder	Liz Rebboah		Ben D	Done		https://doi.org/10.1016/j.cell.2020.01.009	https://github.com/ENCODE-AWG/enc4_human/	
ENCSR297ZTQ	human	10x multiome	snRNA	ENCSR727WGO	OVRY	ovary		healthy	Snyder	Liz Rebboah		Ben D	Done		https://doi.org/10.1016/j.cell.2020.01.009	https://github.com/ENCODE-AWG/enc4_human/	
ENCSR876EUH	human	10x multiome	snRNA	ENCSR823KSL	OVRY	ovary		healthy	Snyder	Liz Rebboah		Ben D	Done		https://doi.org/10.1016/j.cell.2020.01.009	https://github.com/ENCODE-AWG/enc4_human/	
ENCSR582VOF	human		snATAC-seq	n/a		ovary	ENCDO793LXB	healthy	Bing Ren	Yu Fu		Austin	peer review by  Oct 24	https://docs.google.com/spreadsheets/d/1qMl_3mSnZO5dFGExVEhvqzupY3mhMXSSIndfsWCcIu4/edit?usp=sharing			
ENCSR229VVY	human	10x multiome	scATAC	ENCSR233SQG	PANC	pancreas		healthy	Snyder	Ben Parks		Meng	Done				
ENCSR690NZI	human	10x multiome	scATAC	ENCSR033MDU	PANC	pancreas		healthy	Snyder	Ben Parks		Meng	Done				
ENCSR496XXB 	human	10x multiome	scATAC	ENCSR158DQA	PANC	pancreas		healthy	Snyder	Ben Parks		Meng	Done				
ENCSR868CRK	human	10x multiome	scATAC	ENCSR316WAS	PANC	pancreas		healthy	Snyder	Ben Parks		Meng	Done				
ENCSR472RRP	human	10x multiome	snRNA	ENCSR233SQG	PANC	pancreas		healthy	Snyder	Ben Parks		Meng	Done				
ENCSR478FQR	human	10x multiome	snRNA	ENCSR033MDU	PANC	pancreas		healthy	Snyder	Ben Parks		Meng	Done				
ENCSR261BXB 	human	10x multiome	snRNA	ENCSR158DQA	PANC	pancreas		healthy	Snyder	Ben Parks		Meng	Done				
ENCSR281NBH	human	10x multiome	snRNA	ENCSR316WAS	PANC	pancreas		healthy	Snyder	Ben Parks		Meng	Done				
ENCSR042RUW	human	10x scATAC	scATAC	n/a	PANC	pancreas		healthy	Snyder	Ben Parks		Meng	Done				
ENCSR137FPX	human	10x scATAC	scATAC	n/a	PANC	pancreas		healthy	Snyder	Ben Parks		Meng	Done				
ENCSR684KYI 	human	10x snRNA	snRNA	n/a	PANC	pancreas		healthy	Snyder	Ben Parks		Meng	Done				
ENCSR445LCA	human	10x snRNA	snRNA	n/a	PANC	pancreas		healthy	Snyder	Ben Parks		Meng	Done				
ENCSR101JHK	human		snATAC-seq	n/a		Peyer's patch	ENCDO793LXB	healthy	Bing Ren	Yu Fu		Austin	peer review by  Oct 24	https://docs.google.com/spreadsheets/d/1qMl_3mSnZO5dFGExVEhvqzupY3mhMXSSIndfsWCcIu4/edit?usp=sharing			
ENCSR652WJE	human		snATAC-seq	n/a		Peyer's patch	ENCDO451RUA	healthy	Bing Ren	Yu Fu		Austin	peer review by  Oct 24	https://docs.google.com/spreadsheets/d/1qMl_3mSnZO5dFGExVEhvqzupY3mhMXSSIndfsWCcIu4/edit?usp=sharing			
ENCSR052DKH	human		snATAC-seq	n/a		Peyer's patch	ENCDO271OUW	healthy	Bing Ren	Yu Fu		Austin	peer review by  Oct 24	https://docs.google.com/spreadsheets/d/1qMl_3mSnZO5dFGExVEhvqzupY3mhMXSSIndfsWCcIu4/edit?usp=sharing			
ENCSR207ABL	human	10x multiome	scATAC	ENCSR284PXA	PLAC	placenta		healthy	Snyder	Eran		Ben P	Upload by Oct 24				
ENCSR029KFQ	human	10x multiome	scATAC	ENCSR694BTU	PLAC	placenta		healthy	Snyder	Eran		Ben P	Upload by Oct 24				
ENCSR789PLK	human	10x multiome	snRNA	ENCSR284PXA	PLAC	placenta		healthy	Snyder	Eran		Ben P	Upload by Oct 24				
ENCSR021QIA	human	10x multiome	snRNA	ENCSR694BTU	PLAC	placenta		healthy	Snyder	Eran		Ben P	Upload by Oct 24				
ENCSR352RMS	human	10x multiome	scATAC	ENCSR232HQU	PTVC	posterior vena cava		healthy	Snyder	Meng Wang	Liz Rebboah	Liz Rebboah	Annotations by Oct 31				
ENCSR716VLR	human	10x multiome	snRNA	ENCSR232HQU	PTVC	posterior vena cava		healthy	Snyder	Meng Wang	Liz Rebboah	Liz Rebboah	Annotations by Oct 31				
ENCSR869LEV	human	10x multiome	scATAC	ENCSR851GBP	PSMU	psoas muscle		healthy	Snyder	Liz Rebboah		Julia	Done			https://github.com/ENCODE-AWG/enc4_human/	
ENCSR332XEW 	human	10x multiome	scATAC	ENCSR521AOG	PSMU	psoas muscle		healthy	Snyder	Liz Rebboah		Julia	Done			https://github.com/ENCODE-AWG/enc4_human/	
ENCSR000XQD	human	10x multiome	scATAC	ENCSR255POA	PSMU	psoas muscle		healthy	Snyder	Liz Rebboah		Julia	Done			https://github.com/ENCODE-AWG/enc4_human/	
ENCSR916EDP 	human	10x multiome	scATAC	ENCSR775AZP	PSMU	psoas muscle		healthy	Snyder	Liz Rebboah		Julia	Done			https://github.com/ENCODE-AWG/enc4_human/	
ENCSR281RIH	human	10x multiome	snRNA	ENCSR851GBP	PSMU	psoas muscle		healthy	Snyder	Liz Rebboah		Julia	Done			https://github.com/ENCODE-AWG/enc4_human/	
ENCSR005TCL 	human	10x multiome	snRNA	ENCSR521AOG	PSMU	psoas muscle		healthy	Snyder	Liz Rebboah		Julia	Done			https://github.com/ENCODE-AWG/enc4_human/	
ENCSR471YTA	human	10x multiome	snRNA	ENCSR255POA	PSMU	psoas muscle		healthy	Snyder	Liz Rebboah		Julia	Done			https://github.com/ENCODE-AWG/enc4_human/	
ENCSR203THX 	human	10x multiome	snRNA	ENCSR775AZP	PSMU	psoas muscle		healthy	Snyder	Liz Rebboah		Julia	Done			https://github.com/ENCODE-AWG/enc4_human/	
ENCSR963HLE	human	10x scATAC	scATAC	n/a	PSMU	psoas muscle		healthy	Snyder	Liz Rebboah		Julia	Done			https://github.com/ENCODE-AWG/enc4_human/	
ENCSR641MWO	human	10x snRNA	snRNA	n/a	PSMU	psoas muscle		healthy	Snyder	Liz Rebboah		Julia	Done			https://github.com/ENCODE-AWG/enc4_human/	
ENCSR717FVA	human		snATAC-seq	n/a		right atrium auricular region	ENCDO793LXB	healthy	Bing Ren	Yu Fu		Austin	peer review by  Oct 24	https://docs.google.com/spreadsheets/d/1qMl_3mSnZO5dFGExVEhvqzupY3mhMXSSIndfsWCcIu4/edit?usp=sharing			
ENCSR776EOI	human		snATAC-seq	n/a		right atrium auricular region	ENCDO271OUW	healthy	Bing Ren	Yu Fu		Austin	peer review by  Oct 24	https://docs.google.com/spreadsheets/d/1qMl_3mSnZO5dFGExVEhvqzupY3mhMXSSIndfsWCcIu4/edit?usp=sharing			
ENCSR559MJT	human		snATAC-seq	n/a		right lobe of liver	ENCDO793LXB	healthy	Bing Ren	Yu Fu		Austin	peer review by  Oct 24	https://docs.google.com/spreadsheets/d/1qMl_3mSnZO5dFGExVEhvqzupY3mhMXSSIndfsWCcIu4/edit?usp=sharing			
ENCSR628POB 	human	10x multiome	scATAC	ENCSR320RLS	RVMI	right ventricle myocardium inferior		healthy	Snyder	Meng Wang	Liz Rebboah	Liz Rebboah	Annotations by Oct 31				
ENCSR151ONW	human	10x multiome	snRNA	ENCSR320RLS	RVMI	right ventricle myocardium inferior		healthy	Snyder	Meng Wang	Liz Rebboah	Liz Rebboah	Annotations by Oct 31				
ENCSR548IRG 	human	10x multiome	scATAC	ENCSR201BHG	RVMS	right ventricle myocardium superior		healthy	Snyder	Meng Wang	Liz Rebboah	Liz Rebboah	Annotations by Oct 31				
ENCSR813PWQ 	human	10x multiome	snRNA	ENCSR201BHG	RVMS	right ventricle myocardium superior		healthy	Snyder	Meng Wang	Liz Rebboah	Liz Rebboah	Annotations by Oct 31				
ENCSR367GKP	human		snATAC-seq	n/a		sigmoid colon	ENCDO845WKR	healthy	Bing Ren	Yu Fu		Austin	peer review by  Oct 24	https://docs.google.com/spreadsheets/d/1qMl_3mSnZO5dFGExVEhvqzupY3mhMXSSIndfsWCcIu4/edit?usp=sharing			
ENCSR388NCA	human		snATAC-seq	n/a		sigmoid colon	ENCDO793LXB	healthy	Bing Ren	Yu Fu		Austin	peer review by  Oct 24	https://docs.google.com/spreadsheets/d/1qMl_3mSnZO5dFGExVEhvqzupY3mhMXSSIndfsWCcIu4/edit?usp=sharing			
ENCSR266ZPZ	human		snATAC-seq	n/a		stomach	ENCDO845WKR	healthy	Bing Ren	Yu Fu		Austin	peer review by  Oct 24	https://docs.google.com/spreadsheets/d/1qMl_3mSnZO5dFGExVEhvqzupY3mhMXSSIndfsWCcIu4/edit?usp=sharing			
ENCSR940QRM	human		snATAC-seq	n/a		stomach	ENCDO793LXB	healthy	Bing Ren	Yu Fu		Austin	peer review by  Oct 24	https://docs.google.com/spreadsheets/d/1qMl_3mSnZO5dFGExVEhvqzupY3mhMXSSIndfsWCcIu4/edit?usp=sharing			
ENCSR549JEQ	human		snATAC-seq	n/a		stomach	ENCDO451RUA	healthy	Bing Ren	Yu Fu		Austin	peer review by  Oct 24	https://docs.google.com/spreadsheets/d/1qMl_3mSnZO5dFGExVEhvqzupY3mhMXSSIndfsWCcIu4/edit?usp=sharing			
ENCSR848EID	human		snATAC-seq	n/a		stomach	ENCDO271OUW	healthy	Bing Ren	Yu Fu		Austin	peer review by  Oct 24	https://docs.google.com/spreadsheets/d/1qMl_3mSnZO5dFGExVEhvqzupY3mhMXSSIndfsWCcIu4/edit?usp=sharing			
ENCSR397LYX	human		snATAC-seq	n/a		suprapubic skin	ENCDO271OUW	healthy	Bing Ren	Yu Fu		Austin	peer review by  Oct 24	https://docs.google.com/spreadsheets/d/1qMl_3mSnZO5dFGExVEhvqzupY3mhMXSSIndfsWCcIu4/edit?usp=sharing			
ENCSR364GEA	human		snATAC-seq	n/a		suprapubic skin	ENCDO793LXB	healthy	Bing Ren	Yu Fu		Austin	peer review by  Oct 24	https://docs.google.com/spreadsheets/d/1qMl_3mSnZO5dFGExVEhvqzupY3mhMXSSIndfsWCcIu4/edit?usp=sharing			
ENCSR822GXQ	human		snATAC-seq	n/a		thoracic aorta	ENCDO451RUA	healthy	Bing Ren	Yu Fu		Austin	peer review by  Oct 24	https://docs.google.com/spreadsheets/d/1qMl_3mSnZO5dFGExVEhvqzupY3mhMXSSIndfsWCcIu4/edit?usp=sharing			
ENCSR402SNA	human		snATAC-seq	n/a		thoracic aorta	ENCDO845WKR	healthy	Bing Ren	Yu Fu		Austin	peer review by  Oct 24	https://docs.google.com/spreadsheets/d/1qMl_3mSnZO5dFGExVEhvqzupY3mhMXSSIndfsWCcIu4/edit?usp=sharing			
ENCSR796RXX	human		snATAC-seq	n/a		thyroid gland	ENCDO271OUW	healthy	Bing Ren	Yu Fu		Austin	peer review by  Oct 24	https://docs.google.com/spreadsheets/d/1qMl_3mSnZO5dFGExVEhvqzupY3mhMXSSIndfsWCcIu4/edit?usp=sharing			
ENCSR909OXO	human		snATAC-seq	n/a		thyroid gland	ENCDO451RUA	healthy	Bing Ren	Yu Fu		Austin	peer review by  Oct 24	https://docs.google.com/spreadsheets/d/1qMl_3mSnZO5dFGExVEhvqzupY3mhMXSSIndfsWCcIu4/edit?usp=sharing			
ENCSR817VFO	human		snATAC-seq	n/a		thyroid gland	ENCDO793LXB	healthy	Bing Ren	Yu Fu		Austin	peer review by  Oct 24	https://docs.google.com/spreadsheets/d/1qMl_3mSnZO5dFGExVEhvqzupY3mhMXSSIndfsWCcIu4/edit?usp=sharing			
ENCSR058XJK	human		snATAC-seq	n/a		tibial artery	ENCDO793LXB	healthy	Bing Ren	Yu Fu		Austin	peer review by  Oct 24	https://docs.google.com/spreadsheets/d/1qMl_3mSnZO5dFGExVEhvqzupY3mhMXSSIndfsWCcIu4/edit?usp=sharing			
ENCSR302CMX	human		snATAC-seq	n/a		tibial artery	ENCDO451RUA	healthy	Bing Ren	Yu Fu		Austin	peer review by  Oct 24	https://docs.google.com/spreadsheets/d/1qMl_3mSnZO5dFGExVEhvqzupY3mhMXSSIndfsWCcIu4/edit?usp=sharing			
ENCSR453BVR	human		snATAC-seq	n/a		tibial nerve	ENCDO451RUA	healthy	Bing Ren	Yu Fu		Austin	peer review by  Oct 24	https://docs.google.com/spreadsheets/d/1qMl_3mSnZO5dFGExVEhvqzupY3mhMXSSIndfsWCcIu4/edit?usp=sharing			
ENCSR205TUH	human		snATAC-seq	n/a		tibial nerve	ENCDO271OUW	healthy	Bing Ren	Yu Fu		Austin	peer review by  Oct 24	https://docs.google.com/spreadsheets/d/1qMl_3mSnZO5dFGExVEhvqzupY3mhMXSSIndfsWCcIu4/edit?usp=sharing			
ENCSR726QTF	human		snATAC-seq	n/a		tibial nerve	ENCDO793LXB	healthy	Bing Ren	Yu Fu		Austin	peer review by  Oct 24	https://docs.google.com/spreadsheets/d/1qMl_3mSnZO5dFGExVEhvqzupY3mhMXSSIndfsWCcIu4/edit?usp=sharing			
ENCSR506YMX	human		snATAC-seq	n/a		transverse colon	ENCDO271OUW	healthy	Bing Ren	Yu Fu		Austin	peer review by  Oct 24	https://docs.google.com/spreadsheets/d/1qMl_3mSnZO5dFGExVEhvqzupY3mhMXSSIndfsWCcIu4/edit?usp=sharing			
ENCSR434SXE	human		snATAC-seq	n/a		transverse colon	ENCDO845WKR	healthy	Bing Ren	Yu Fu		Austin	peer review by  Oct 24	https://docs.google.com/spreadsheets/d/1qMl_3mSnZO5dFGExVEhvqzupY3mhMXSSIndfsWCcIu4/edit?usp=sharing			
ENCSR007QIO	human		snATAC-seq	n/a		transverse colon	ENCDO793LXB	healthy	Bing Ren	Yu Fu		Austin	peer review by  Oct 24	https://docs.google.com/spreadsheets/d/1qMl_3mSnZO5dFGExVEhvqzupY3mhMXSSIndfsWCcIu4/edit?usp=sharing			
ENCSR997YNO	human		snATAC-seq	n/a		transverse colon	ENCDO793LXB	healthy	Bing Ren	Yu Fu		Austin	peer review by  Oct 24	https://docs.google.com/spreadsheets/d/1qMl_3mSnZO5dFGExVEhvqzupY3mhMXSSIndfsWCcIu4/edit?usp=sharing			
ENCSR349XKD	human		snATAC-seq	n/a		transverse colon	ENCDO451RUA	healthy	Bing Ren	Yu Fu		Austin	peer review by  Oct 24	https://docs.google.com/spreadsheets/d/1qMl_3mSnZO5dFGExVEhvqzupY3mhMXSSIndfsWCcIu4/edit?usp=sharing			
ENCSR824OCY	human	10x multiome	scATAC	ENCSR549KDX	ULLL	upper lobe of left lung		healthy	Snyder	Ben Doughty	Sam Kim	Surag	Uploaded to  synapse				
ENCSR662VTU	human	10x multiome	snRNA	ENCSR549KDX	ULLL	upper lobe of left lung		healthy	Snyder	Ben Doughty	Sam Kim	Surag	Uploaded to  synapse				
ENCSR718WGE	human		snATAC-seq	n/a		upper lobe of left lung	ENCDO271OUW	healthy	Bing Ren	Yu Fu		Austin	peer review by  Oct 24	https://docs.google.com/spreadsheets/d/1qMl_3mSnZO5dFGExVEhvqzupY3mhMXSSIndfsWCcIu4/edit?usp=sharing			
ENCSR182PJN	human		snATAC-seq	n/a		upper lobe of left lung	ENCDO793LXB	healthy	Bing Ren	Yu Fu		Austin	peer review by  Oct 24	https://docs.google.com/spreadsheets/d/1qMl_3mSnZO5dFGExVEhvqzupY3mhMXSSIndfsWCcIu4/edit?usp=sharing			
ENCSR952HMV	human		snATAC-seq	n/a		upper lobe of left lung	ENCDO845WKR	healthy	Bing Ren	Yu Fu		Austin	peer review by  Oct 24	https://docs.google.com/spreadsheets/d/1qMl_3mSnZO5dFGExVEhvqzupY3mhMXSSIndfsWCcIu4/edit?usp=sharing			
ENCSR089CGX	human		snATAC-seq	n/a		upper lobe of left lung	ENCDO451RUA	healthy	Bing Ren	Yu Fu		Austin	peer review by  Oct 24	https://docs.google.com/spreadsheets/d/1qMl_3mSnZO5dFGExVEhvqzupY3mhMXSSIndfsWCcIu4/edit?usp=sharing			
ENCSR086LCZ	human	10x scATAC	scATAC	n/a	ULRL	upper lobe right lung		healthy	Snyder	Ben Doughty	Sam Kim?	Surag	check with Sam				
ENCSR142RRV	human	10x snRNA	snRNA	n/a	ULRL	upper lobe right lung		healthy	Snyder	Ben Doughty	Sam Kim?	Surag	check with Sam				
ENCSR465CKP	human	10x multiome	scATAC	ENCSR196FPL	URTR	ureter		healthy	Snyder	Liz Rebboah		Julia	Done			https://github.com/ENCODE-AWG/enc4_human/	
ENCSR964JZN	human	10x multiome	snRNA	ENCSR196FPL	URTR	ureter		healthy	Snyder	Liz Rebboah		Julia	Done		https://www.nature.com/articles/s41588-021-00972-2	https://github.com/ENCODE-AWG/enc4_human/	
ENCSR828HVB	human	10x multiome	scATAC	ENCSR579NBU	UTRS	uterus		healthy	Snyder	Liz Rebboah		Julia	Done			https://github.com/ENCODE-AWG/enc4_human/	
ENCSR762LZV	human	10x multiome	snRNA	ENCSR579NBU	UTRS	uterus		healthy	Snyder	Liz Rebboah		Julia	Done		https://www.nature.com/articles/s41588-021-00972-2	https://github.com/ENCODE-AWG/enc4_human/	
ENCSR455CVZ	human		snATAC-seq	n/a		uterus	ENCDO271OUW	healthy	Bing Ren	Yu Fu		Austin	peer review by  Oct 24	https://docs.google.com/spreadsheets/d/1qMl_3mSnZO5dFGExVEhvqzupY3mhMXSSIndfsWCcIu4/edit?usp=sharing			
ENCSR028RFK	human		snATAC-seq	n/a		uterus	ENCDO793LXB	healthy	Bing Ren	Yu Fu		Austin	peer review by  Oct 24	https://docs.google.com/spreadsheets/d/1qMl_3mSnZO5dFGExVEhvqzupY3mhMXSSIndfsWCcIu4/edit?usp=sharing			
ENCSR441ZWO	human		snATAC-seq	n/a		vagina	ENCDO793LXB	healthy	Bing Ren	Yu Fu		Austin	peer review by  Oct 24	https://docs.google.com/spreadsheets/d/1qMl_3mSnZO5dFGExVEhvqzupY3mhMXSSIndfsWCcIu4/edit?usp=sharing			